1190 15
1190 1095
1190 870
1190 975
1190 1883
1190 1413
1190 625
1190 129
1190 520
1190 675
1190 1110
1190 778
1190 1549
1190 24
1190 349
1190 996
1190 1974
1190 520
1190 1206
1190 788
1190 176
1190 987
1190 23
1190 153
1190 632
1190 1409
1190 890
1190 1924
1190 1371
1190 465
1190 1109
1190 1082
1190 126
1190 1426
1190 244
1190 1304
1190 1064
1190 1794
1190 1835
1190 46
1190 958
15 1190
15 1574
15 674
15 413
15 1660
15 1376
15 1762
15 47
15 51
15 1811
15 81
15 17
15 254
15 1218
15 1611
15 1321
15 302
15 1945
15 1355
15 949
15 1471
15 745
15 39
15 1117
15 327
15 1016
15 30
15 688
15 1605
15 1623
15 943
15 1831
15 1809
15 1954
15 1571
15 120
15 52
15 1600
15 659
15 1918
15 1080
15 1293
15 164
15 1826
15 337
15 1150
15 49
15 260
15 1420
15 1455
15 1663
15 202
15 1773
15 1754
15 737
15 1531
15 1498
15 874
15 475
15 488
15 823
15 879
15 1447
15 55
15 881
15 319
15 1983
15 893
15 1526
15 243
15 1681
15 1305
15 329
15 1856
15 44
15 41
15 65
15 469
15 128
15 806
15 375
15 423
15 911
15 1171
15 905
15 739
15 465
15 11
15 456
15 1270
15 217
15 1664
15 271
15 1993
15 1900
15 1639
15 1986
15 1101
15 1392
15 1807
15 143
15 1781
15 794
15 1794
15 1052
15 788
15 272
15 1961
15 1734
15 1599
15 1656
15 1771
15 642
15 80
15 680
15 1460
15 836
15 819
15 1696
15 1512
15 1775
15 1399
1095 1190
1095 523
1095 1636
1095 209
1095 292
1095 1117
1095 204
1095 1645
1095 164
1095 1026
1095 376
1095 904
1095 1338
1095 317
1095 95
1095 24
1095 1275
1095 158
1095 51
1095 422
1095 1262
1095 1178
1095 72
1095 66
1095 814
1095 730
1095 1284
1095 176
1095 325
1095 397
1095 8
1095 27
1095 1142
1095 1931
1095 499
1095 866
1095 788
1095 1886
1095 1111
870 1190
870 1122
870 935
870 1041
870 1347
870 208
870 1444
870 804
870 81
870 42
870 1400
870 137
870 1074
870 1666
870 756
870 1358
870 1404
870 637
870 1715
870 1745
870 1752
870 615
870 1265
870 1491
870 318
870 1602
870 1819
870 202
870 117
870 410
870 832
870 477
870 1610
870 1536
870 10
870 263
870 847
870 83
870 1942
870 57
870 617
870 1634
870 717
870 580
870 603
870 1201
870 1663
870 1561
870 1498
870 1922
870 732
870 321
870 1458
870 563
870 154
870 1687
870 1247
870 630
870 620
870 1402
870 1720
870 686
870 773
870 1705
870 520
870 206
870 249
870 132
975 1190
975 153
975 112
975 1521
975 1442
975 514
975 1142
975 1418
975 984
975 330
975 1928
975 1590
975 1056
975 1690
975 281
975 320
975 1084
975 671
975 1548
975 1962
975 1170
975 992
975 1809
975 137
975 1833
975 731
975 775
975 1321
975 366
975 1257
975 938
975 1573
975 1234
975 558
975 383
975 1681
975 1436
975 1828
975 244
975 539
975 1156
975 1093
975 350
975 18
975 880
975 711
975 1224
975 653
975 504
975 46
1883 1190
1883 1667
1883 721
1883 1067
1883 775
1883 345
1883 526
1883 879
1883 1698
1883 54
1883 1340
1883 628
1883 1845
1883 455
1883 1869
1883 1063
1883 876
1883 1418
1883 1578
1883 1131
1883 1470
1883 73
1883 137
1883 475
1883 329
1883 1315
1883 918
1883 1627
1883 560
1883 1936
1883 781
1883 1319
1413 1190
1413 1710
1413 670
1413 1790
1413 86
1413 1944
1413 1933
1413 826
1413 397
1413 1069
1413 14
1413 1227
1413 740
1413 1762
1413 1265
1413 545
1413 272
1413 1103
1413 1238
1413 123
1413 277
1413 343
1413 425
1413 359
1413 1773
1413 1071
1413 970
1413 672
1413 1922
1413 801
1413 1830
1413 1686
625 1190
625 1589
625 112
625 818
625 1761
625 209
625 1698
625 1677
625 1748
625 937
625 105
625 301
625 1725
625 976
625 1728
625 1730
625 645
625 1080
625 1029
625 1681
625 1967
625 48
625 1609
625 1432
625 1895
625 92
625 1102
625 291
625 1863
625 377
625 7
625 486
625 1046
625 243
625 826
625 793
625 443
625 1273
625 867
625 1201
625 776
625 631
625 1672
625 1284
625 546
625 289
625 283
625 1141
625 1936
625 1925
625 1686
625 599
625 513
625 95
129 1190
129 1177
129 103
129 1476
129 1811
129 137
129 1647
129 221
129 94
129 463
129 347
129 1208
129 71
129 1761
129 852
129 1630
129 1512
129 252
129 1529
129 1242
129 668
129 932
129 1656
129 761
129 230
129 6
129 1696
129 1285
129 1746
129 1082
129 1605
129 1875
129 962
129 415
129 1222
129 759
129 1967
129 361
129 490
129 466
129 1596
129 258
129 76
129 1025
129 1084
520 1190
520 1802
520 31
520 103
520 855
520 47
520 927
520 1298
520 1147
520 1113
520 1698
520 736
520 1291
520 821
520 296
520 344
520 11
520 1527
520 1518
520 939
520 1473
520 49
520 1350
520 690
520 538
520 970
520 1193
520 484
520 1851
520 440
520 316
520 1897
520 1836
520 548
520 1684
520 1917
520 289
520 1166
520 916
520 1163
520 1030
520 1281
520 870
520 1538
520 1203
520 592
520 319
520 1458
520 251
520 1934
520 27
520 1885
520 714
520 517
520 184
520 1035
520 1498
520 1195
520 1850
520 1486
520 1333
520 405
675 1190
675 1888
675 1763
675 1138
675 1176
675 1291
675 1142
675 1443
675 306
675 893
675 145
675 181
675 1101
675 595
675 199
675 1705
675 160
675 1554
675 915
675 1330
675 286
675 325
675 999
675 359
675 1821
675 1212
675 1956
675 1172
675 423
675 1106
675 1674
675 1710
675 1907
675 1028
675 125
675 668
675 1870
1110 1190
1110 674
1110 618
1110 24
1110 177
1110 1286
1110 1429
1110 1616
1110 803
1110 360
1110 1345
1110 494
1110 331
1110 1591
1110 714
1110 1392
1110 1670
1110 750
1110 371
1110 1022
1110 642
1110 1441
1110 1515
1110 991
1110 1985
1110 1885
1110 1412
1110 100
1110 1689
1110 9
1110 95
1110 777
1110 230
1110 1252
1110 1332
1110 1524
1110 407
1110 1621
1110 85
778 1190
778 1495
778 1274
778 1249
778 1187
778 748
778 1971
778 694
778 1839
778 677
778 1119
778 515
778 619
778 1466
778 472
778 298
778 1792
778 354
778 1417
778 848
778 750
778 1508
778 1863
778 553
778 303
778 1266
778 1096
778 1798
778 100
778 1287
778 1157
778 11
778 32
778 676
778 177
778 69
778 541
778 396
1549 1190
1549 943
1549 1921
1549 740
1549 1384
1549 1258
1549 249
1549 120
1549 831
1549 1142
1549 1509
1549 381
1549 1672
1549 1365
1549 231
1549 1462
1549 1685
1549 1994
1549 1984
1549 1442
1549 1489
1549 1298
1549 1342
1549 775
1549 52
1549 1814
1549 1394
1549 737
1549 847
1549 1791
1549 1014
1549 1260
1549 286
1549 1338
1549 1414
1549 123
1549 1228
1549 1325
1549 1734
1549 648
1549 924
1549 1514
24 1190
24 75
24 674
24 315
24 918
24 1712
24 1685
24 1034
24 149
24 478
24 1277
24 1636
24 978
24 277
24 103
24 109
24 690
24 624
24 1303
24 1110
24 792
24 1679
24 39
24 479
24 498
24 165
24 518
24 1218
24 1846
24 267
24 1313
24 1130
24 1072
24 1068
24 1926
24 1760
24 695
24 1307
24 42
24 564
24 1943
24 1216
24 1283
24 1138
24 808
24 947
24 1191
24 1833
24 1519
24 382
24 872
24 1324
24 764
24 1261
24 1315
24 1500
24 793
24 705
24 606
24 706
24 162
24 1772
24 798
24 1721
24 876
24 889
24 1858
24 1249
24 1489
24 1793
24 1016
24 1715
24 1960
24 493
24 335
24 613
24 1109
24 1387
24 856
24 1661
24 500
24 1971
24 638
24 562
24 180
24 997
24 1947
24 1728
24 571
24 1266
24 741
24 297
24 641
24 677
24 1124
24 1293
24 1182
24 263
24 1586
24 663
24 759
24 1988
24 862
24 1949
24 383
24 1445
24 454
24 966
24 1866
24 1091
24 122
24 1172
24 749
24 1059
24 509
24 341
24 1436
24 1306
24 1577
24 757
24 589
24 1107
24 488
24 990
24 823
24 1503
24 1094
24 192
24 967
24 1609
24 1941
24 1188
24 1934
24 1093
24 439
24 1650
24 1957
24 758
24 1482
24 1466
24 1983
24 455
24 1694
24 1672
24 733
24 1723
24 572
24 226
24 1860
24 1023
24 560
24 74
24 1118
24 1687
24 1414
24 1337
24 1550
24 1556
24 834
24 258
24 1535
24 278
24 1155
24 12
24 1567
24 1764
24 359
24 1027
24 1095
24 1012
24 1136
24 318
24 1325
24 156
24 788
24 729
24 1418
24 964
24 1938
24 561
24 421
24 119
24 1734
24 14
24 953
24 1720
24 1011
24 1148
24 60
24 1432
24 1944
24 541
24 1560
24 1001
24 1968
24 655
24 107
24 299
24 1361
24 982
24 1870
24 396
24 1111
24 1316
24 1287
24 1256
24 1874
24 1399
349 1190
349 347
349 214
349 872
349 764
349 282
349 1421
349 1691
349 1910
349 919
349 1617
349 810
349 58
349 1414
349 703
349 912
349 998
349 1812
349 1016
349 498
349 1794
349 943
349 1175
349 462
349 1650
349 1718
349 1789
349 1984
349 1015
349 639
349 1244
349 599
349 293
996 1190
996 918
996 1076
996 1444
996 1383
996 1321
996 402
996 1081
996 1954
996 805
996 1112
996 406
996 1930
996 492
996 543
996 248
996 247
996 1615
996 1698
996 338
996 1071
996 1088
996 762
996 1186
996 1270
996 1567
996 1137
996 580
996 1626
996 426
996 800
996 1713
996 1599
996 284
996 758
996 710
996 1617
996 1195
996 560
996 667
996 1233
996 1585
996 1524
996 1925
996 421
996 80
996 740
1974 1190
1974 307
1974 207
1974 1288
1974 1377
1974 1821
1974 1623
1974 1196
1974 1100
1974 1011
1974 833
1974 1572
1974 1600
1974 880
1974 267
1974 1452
1974 8
1974 6
1974 9
1974 772
1974 926
1974 701
1974 1490
1974 1211
1974 1121
1974 1379
1974 621
1974 164
1974 410
1974 1609
1974 87
1974 1271
1974 1507
1974 773
1974 1311
1974 1825
1974 1499
1206 1190
1206 43
1206 112
1206 177
1206 42
1206 1551
1206 1671
1206 30
1206 500
1206 1433
1206 228
1206 1294
1206 653
1206 171
1206 1980
1206 1300
1206 1066
1206 498
1206 624
1206 32
1206 13
1206 583
1206 35
1206 1736
1206 786
1206 128
1206 1072
1206 264
1206 1328
1206 645
1206 641
1206 1866
1206 106
1206 1670
1206 1330
1206 259
1206 503
1206 388
1206 1282
1206 1634
1206 1349
1206 950
1206 1927
1206 288
1206 476
1206 1870
788 1190
788 208
788 1523
788 423
788 1492
788 1855
788 1779
788 1557
788 1730
788 1384
788 147
788 1112
788 1496
788 1426
788 106
788 1195
788 362
788 1375
788 898
788 869
788 1296
788 9
788 15
788 451
788 1874
788 1753
788 1186
788 298
788 1008
788 200
788 1982
788 1961
788 1081
788 545
788 1095
788 286
788 24
788 1809
788 476
788 1343
788 492
1235 262
1235 1421
1235 560
1235 178
1235 1256
1235 1501
1235 1692
1235 357
1235 1404
1235 1380
1235 1830
1235 608
1235 738
1235 9
1235 367
1235 1504
1235 723
1235 194
1235 1858
1235 57
1235 616
1235 810
1235 1653
1235 1679
1235 954
1235 387
1235 1502
1235 1795
1235 271
1235 1244
1235 1241
1235 14
1235 1140
1235 1178
1235 1753
1235 45
262 1235
262 1340
262 1880
262 669
262 464
262 1763
262 920
262 137
262 1158
262 945
262 1804
262 1953
262 1312
262 1454
262 529
262 1314
262 179
262 1004
262 1386
262 332
262 1438
262 392
262 322
262 550
262 1985
262 1073
262 1550
262 79
262 1121
262 165
262 1263
262 1417
262 628
262 1140
262 9
262 1421
262 1937
262 432
262 573
262 316
262 1983
262 380
262 987
262 682
262 854
262 1079
262 19
262 1020
262 1193
262 1067
262 84
262 1305
262 216
262 1129
262 1365
262 1087
262 104
1421 1235
1421 75
1421 1606
1421 1486
1421 1655
1421 364
1421 768
1421 1393
1421 1610
1421 101
1421 1976
1421 1690
1421 983
1421 865
1421 1649
1421 1519
1421 1555
1421 382
1421 1629
1421 1950
1421 1258
1421 1377
1421 1120
1421 1669
1421 693
1421 1354
1421 1891
1421 668
1421 502
1421 797
1421 528
1421 695
1421 271
1421 764
1421 330
1421 349
1421 945
1421 774
1421 194
1421 323
1421 602
1421 1079
1421 504
1421 1382
1421 731
1421 34
1421 6
1421 177
1421 509
1421 437
1421 1531
1421 970
1421 1330
1421 150
1421 1434
1421 1007
1421 1934
1421 1844
1421 1694
1421 1035
1421 1735
1421 1304
1421 1161
1421 152
1421 1812
1421 1510
1421 1621
1421 1417
1421 59
1421 965
1421 269
1421 476
1421 262
1421 1758
1421 773
1421 445
1421 70
1421 184
1421 1560
1421 655
1421 1088
1421 1087
560 1235
560 1616
560 522
560 1569
560 542
560 330
560 645
560 333
560 406
560 996
560 726
560 1825
560 128
560 24
560 28
560 842
560 702
560 1718
560 309
560 1251
560 1883
560 977
560 1734
560 692
560 1765
560 124
560 1129
560 1319
560 850
560 273
178 1235
178 1391
178 854
178 1217
178 464
178 166
178 695
178 444
178 1759
178 1192
178 254
178 633
178 1887
178 1950
178 1288
178 763
178 1481
178 356
178 1648
178 839
178 1055
178 1744
178 528
178 183
178 662
178 767
178 1839
178 1627
178 415
178 1527
178 802
178 1868
178 558
178 593
178 397
178 51
178 744
178 1885
178 1266
178 1534
178 355
178 793
178 672
178 13
178 1749
178 155
178 1186
178 708
178 1363
178 1400
178 591
178 926
178 1962
178 406
178 627
178 1704
178 371
178 1503
178 150
178 703
178 710
178 994
178 1309
178 1181
178 1423
178 1917
178 1542
178 597
178 1169
178 912
178 885
178 272
178 1456
178 393
178 1477
178 513
178 280
178 33
178 861
178 1879
178 849
178 95
178 1714
1256 1235
1256 669
1256 992
1256 1538
1256 973
1256 724
1256 591
1256 324
1256 833
1256 526
1256 1302
1256 1658
1256 1294
1256 384
1256 829
1256 1313
1256 1441
1256 1577
1256 1985
1256 1791
1256 1173
1256 1510
1256 1402
1256 1079
1256 781
1256 1841
1256 20
1256 395
1256 1316
1256 1630
1256 1760
1256 127
1256 330
1256 995
1256 704
1256 1614
1256 749
1256 1458
1256 1135
1256 1227
1256 733
1256 1220
1256 96
1256 24
1256 1397
1256 1374
1256 261
1256 1066
1256 315
1501 1235
1501 1072
1501 1939
1501 1904
1501 417
1501 1713
1501 1730
1501 1478
1501 1161
1501 443
1501 1821
1501 1903
1501 951
1501 1302
1501 398
1501 1214
1501 1577
1501 1420
1501 1731
1501 1177
1501 12
1501 1460
1501 1019
1501 672
1501 1113
1501 1080
1501 17
1501 999
1501 556
1501 141
1501 350
1501 1983
1501 1687
1501 215
1692 1235
1692 971
1692 808
1692 222
1692 1629
1692 434
1692 1548
1692 465
1692 510
1692 1408
1692 565
1692 532
1692 1059
1692 716
1692 1003
1692 1428
1692 318
1692 27
1692 1311
1692 287
1692 1903
1692 731
1692 1719
1692 11
1692 436
1692 126
1692 668
1692 1791
1692 866
1692 1571
1692 998
1692 18
1692 622
1692 1877
1692 726
1692 1191
1692 493
1692 965
1692 525
1692 152
357 1235
357 1157
357 570
357 343
357 519
357 1937
357 501
357 965
357 739
357 29
357 144
357 1986
357 390
357 617
357 707
357 213
357 1913
357 443
357 823
357 1541
357 368
357 1929
357 1885
357 296
357 704
357 420
357 1998
357 830
357 500
357 1600
357 358
357 1112
357 369
357 558
357 1472
357 383
357 1517
357 619
357 255
357 1040
357 784
357 1550
357 912
357 1830
357 1353
357 1369
357 1966
357 354
357 477
357 132
357 1031
1404 1235
1404 1475
1404 851
1404 1925
1404 1561
1404 189
1404 1842
1404 1287
1404 1701
1404 448
1404 1872
1404 457
1404 223
1404 1513
1404 870
1404 1734
1404 1696
1404 856
1404 1229
1404 671
1404 1640
1404 952
1404 1384
1404 1893
1404 1201
1404 1053
1404 1694
1404 1524
1404 1419
1404 932
1380 1235
1380 51
1380 342
1380 1138
1380 1678
1380 502
1380 1158
1380 1174
1380 204
1380 1051
1380 256
1380 138
1380 1496
1380 392
1380 1702
1380 1125
1380 751
1380 87
1380 965
1380 1271
1380 173
1380 654
1380 1653
1380 95
1380 1414
1380 1783
1380 1600
1380 1309
1380 841
1380 264
1380 531
1380 504
1380 453
1380 1882
1380 886
1380 1463
1380 1908
1380 447
1380 1274
1380 1553
1380 855
1380 1639
1380 463
1830 1235
1830 1710
1830 1803
1830 126
1830 790
1830 749
1830 77
1830 1212
1830 357
1830 1216
1830 835
1830 89
1830 1413
1830 854
1830 1439
1830 439
1830 906
1830 333
1830 1396
1830 1619
1830 465
1830 58
1830 557
1830 1281
1830 60
608 1235
608 683
608 1116
608 1283
608 530
608 1622
608 102
608 1170
608 1208
608 966
608 1522
608 1091
608 350
608 1716
608 72
608 1991
608 6
608 1212
608 1375
608 1247
608 1994
608 1710
608 1559
608 1429
608 142
608 1089
608 717
608 12
608 755
608 1285
608 1145
608 1757
608 448
608 924
608 364
608 1310
608 1457
738 1235
738 1251
738 1043
738 1610
738 130
738 198
738 326
738 1538
738 851
738 1952
738 1142
738 1257
738 1955
738 1733
738 553
738 1231
738 1446
738 9
738 1603
738 1691
738 128
738 1607
738 1007
738 1575
738 1585
738 544
738 1550
738 362
738 1869
738 1719
738 1739
738 114
738 1221
738 1434
738 1294
738 1926
738 630
738 246
738 707
738 242
738 1947
738 1997
738 841
738 183
738 1659
738 227
738 338
738 842
738 908
738 1512
738 489
9 1235
9 1000
9 1177
9 176
9 1933
9 400
9 730
9 1606
9 1322
9 651
9 1685
9 1251
9 1667
9 208
9 1463
9 800
9 632
9 1425
9 1376
9 855
9 1816
9 1926
9 47
9 51
9 1594
9 1298
9 1871
9 216
9 708
9 1283
9 438
9 657
9 110
9 137
9 1635
9 222
9 502
9 883
9 1218
9 872
9 171
9 175
9 1572
9 1887
9 979
9 1867
9 267
9 1462
9 1120
9 1385
9 211
9 521
9 1358
9 163
9 1253
9 344
9 771
9 1312
9 1489
9 923
9 1037
9 1793
9 1896
9 446
9 335
9 295
9 261
9 1082
9 785
9 86
9 1145
9 1334
9 1135
9 886
9 1046
9 1230
9 105
9 97
9 592
9 1974
9 1242
9 482
9 235
9 1559
9 1394
9 151
9 1110
9 1442
9 603
9 1432
9 1625
9 1488
9 641
9 85
9 738
9 103
9 440
9 1863
9 1618
9 1093
9 1735
9 1563
9 207
9 580
9 358
9 1397
9 1448
9 1118
9 118
9 1728
9 281
9 197
9 1990
9 1603
9 747
9 999
9 1786
9 28
9 1225
9 1004
9 966
9 457
9 700
9 332
9 1172
9 1931
9 37
9 1420
9 467
9 376
9 232
9 355
9 1799
9 737
9 224
9 1209
9 1328
9 128
9 26
9 569
9 760
9 863
9 539
9 813
9 371
9 246
9 1608
9 904
9 545
9 285
9 676
9 1800
9 21
9 1922
9 1876
9 1009
9 1028
9 1657
9 1957
9 319
9 1905
9 1040
9 1534
9 1469
9 710
9 893
9 993
9 639
9 1956
9 859
9 1662
9 772
9 1881
9 1407
9 1565
9 1516
9 466
9 1173
9 673
9 696
9 1065
9 74
9 684
9 69
9 1575
9 1639
9 1986
9 972
9 283
9 1128
9 1073
9 1064
9 1637
9 834
9 1535
9 665
9 418
9 317
9 1768
9 1807
9 1255
9 1857
9 762
9 94
9 1729
9 1254
9 318
9 794
9 788
9 304
9 1869
9 452
9 1642
9 858
9 727
9 476
9 1959
9 262
9 887
9 449
9 516
9 1766
9 924
9 984
9 1240
9 206
9 1966
9 1214
9 622
9 836
9 233
9 405
9 1512
9 982
9 92
9 543
9 1775
9 1326
9 1727
9 310
9 1130
9 1879
9 161
9 864
367 1235
367 914
367 810
367 1500
367 1475
367 162
367 525
367 1462
367 1481
367 1616
367 401
367 1370
367 902
367 479
367 553
367 116
367 1089
367 1446
367 1201
367 1182
367 1078
367 1422
367 1962
367 1395
367 1107
367 1351
367 1159
367 1424
367 1007
367 825
367 1534
367 397
367 1310
367 1585
367 278
367 1100
367 1758
367 1001
367 1322
367 355
367 1748
367 1090
367 1716
367 1788
367 238
367 1774
367 94
367 1069
367 25
367 490
367 1963
367 1205
367 1047
367 1707
367 1053
367 8
367 412
367 1906
367 489
367 1874
367 161
1504 1235
1504 90
1504 1324
1504 1661
1504 428
1504 1565
1504 1212
1504 1300
1504 89
1504 1741
1504 1620
1504 631
1504 811
1504 1551
1504 1176
1504 1092
1504 580
1504 1361
1504 1854
1504 142
1504 948
1504 212
1504 1955
1504 1254
1504 40
1504 369
1504 61
1504 1115
1504 624
1504 1152
1504 124
1504 518
1504 849
723 1235
723 75
723 1523
723 423
723 461
723 1047
723 1441
723 1231
723 1731
723 1872
723 1801
723 328
723 636
723 1431
723 54
723 1885
723 916
723 29
723 408
723 150
723 610
723 1046
723 844
723 344
723 1748
723 1253
723 1016
723 1626
723 180
723 1740
723 1262
723 737
723 829
723 1451
723 220
723 660
723 801
723 1423
723 1065
723 1414
723 824
723 1857
723 1514
194 1235
194 1323
194 426
194 469
194 1274
194 1929
194 574
194 1277
194 1743
194 667
194 1042
194 221
194 991
194 506
194 38
194 868
194 838
194 124
194 1482
194 269
194 1860
194 1076
194 1866
194 1460
194 479
194 345
194 1232
194 976
194 1172
194 1421
194 1818
194 1674
194 343
194 986
194 1764
194 623
194 1320
194 1140
194 386
194 146
194 354
1858 1235
1858 1867
1858 951
1858 525
1858 1355
1858 1458
1858 1593
1858 1399
1858 852
1858 1603
1858 652
1858 1639
1858 1386
1858 1130
1858 1543
1858 1758
1858 1555
1858 615
1858 71
1858 1444
1858 24
1858 8
1858 390
1858 1117
1858 1528
1858 291
1858 1351
1858 1719
1858 1727
57 1235
57 1376
57 1833
57 650
57 1765
57 1481
57 294
57 102
57 1605
57 1314
57 886
57 105
57 1820
57 1234
57 870
57 741
57 1445
57 700
57 1209
57 1219
57 1125
57 722
57 334
57 904
57 1595
57 842
57 786
57 702
57 372
57 1881
57 1310
57 824
57 1392
57 1718
57 1882
57 818
57 232
57 72
57 1691
57 243
57 64
57 472
57 1241
57 150
57 1065
57 1886
57 1117
57 13
57 1134
57 27
57 45
57 869
57 1946
57 1936
57 1143
57 746
57 518
1382 149
1382 10
1382 1331
1382 8
1382 935
1382 389
1382 1212
1382 1921
1382 1155
1382 154
1382 1048
1382 13
1382 1212
1382 1518
1382 1957
1382 1796
1382 170
1382 1944
1382 501
1382 300
1382 1772
1382 221
1382 1679
1382 1745
1382 522
1382 1623
1382 142
1382 1603
1382 1774
1382 862
1382 1421
1382 467
1382 1702
1382 1654
1382 1531
1382 1818
1382 904
1382 1665
1382 503
1382 1149
1382 901
1382 646
1382 96
1382 1510
1382 1722
1382 407
1382 899
1382 1185
1382 1825
1382 1457
149 1382
149 1589
149 1322
149 444
149 1450
149 1971
149 679
149 1655
149 248
149 31
149 1756
149 1414
149 54
149 595
149 27
149 1164
149 316
149 1566
149 8
149 263
149 1852
149 24
149 176
149 840
149 872
149 448
149 1082
149 584
149 1854
149 1438
149 1246
149 780
10 1382
10 1769
10 854
10 1739
10 1353
10 872
10 1744
10 659
10 243
10 1297
10 244
10 1275
10 45
10 1559
10 350
10 526
10 229
10 1423
10 1660
10 8
10 68
10 394
10 1545
10 948
10 631
10 1245
10 1393
10 1157
10 103
10 670
10 818
10 1116
10 73
10 300
10 169
10 1668
10 841
10 1975
10 227
10 1815
10 1383
10 1105
10 1329
10 279
10 175
10 793
10 1492
10 736
10 1202
10 637
10 1312
10 806
10 896
10 1622
10 501
10 1746
10 1910
10 748
10 1081
10 1528
10 1877
10 1242
10 138
10 277
10 662
10 587
10 701
10 180
10 1394
10 118
10 997
10 524
10 870
10 174
10 1300
10 747
10 603
10 282
10 1472
10 1422
10 1473
10 210
10 828
10 1357
10 1059
10 260
10 954
10 1681
10 1561
10 1508
10 726
10 1593
10 410
10 952
10 874
10 569
10 1448
10 1204
10 470
10 1607
10 1459
10 150
10 847
10 1348
10 842
10 1020
10 1665
10 1791
10 1782
10 1269
10 897
10 185
10 536
10 1181
10 1063
10 1542
10 1687
10 391
10 1556
10 66
10 1166
10 981
10 189
10 595
10 921
10 1510
10 1808
10 900
10 1729
10 247
10 77
10 1505
10 776
10 866
10 844
10 1537
10 1827
10 38
10 13
10 459
10 504
10 46
10 1273
10 648
10 773
10 386
10 1944
10 354
10 848
10 89
10 412
10 837
10 744
10 1906
10 518
10 95
1331 1382
1331 1958
1331 987
1331 1292
1331 683
1331 980
1331 115
1331 592
1331 1525
1331 1630
1331 567
1331 1625
1331 1994
1331 1231
1331 716
1331 1155
1331 245
1331 183
1331 702
1331 260
1331 40
1331 124
1331 1082
1331 1619
1331 107
1331 1699
1331 823
1331 583
1331 173
1331 8
1331 1071
1331 537
1331 573
8 1382
8 1769
8 400
8 602
8 854
8 10
8 669
8 1601
8 117
8 149
8 1676
8 656
8 3
8 867
8 971
8 1878
8 755
8 1335
8 1523
8 1997
8 909
8 890
8 1811
8 307
8 423
8 843
8 326
8 708
8 910
8 1724
8 1873
8 274
8 209
8 17
8 590
8 137
8 1192
8 1649
8 426
8 783
8 35
8 41
8 1932
8 530
8 764
8 1274
8 1475
8 989
8 736
8 1829
8 1671
8 1628
8 1952
8 1142
8 211
8 1946
8 1858
8 296
8 39
8 221
8 803
8 448
8 839
8 1037
8 1299
8 806
8 1237
8 1960
8 1980
8 1972
8 465
8 1109
8 1267
8 510
8 1454
8 782
8 1779
8 985
8 500
8 943
8 807
8 1354
8 1334
8 1954
8 340
8 1314
8 167
8 886
8 1022
8 1875
8 1981
8 496
8 1974
8 235
8 1820
8 1435
8 291
8 1104
8 1891
8 415
8 1114
8 1989
8 1384
8 304
8 204
8 948
8 390
8 703
8 343
8 1926
8 1906
8 638
8 218
8 1678
8 623
8 1245
8 1252
8 1048
8 1544
8 1376
8 1291
8 34
8 1681
8 1644
8 1518
8 297
8 1182
8 164
8 373
8 1186
8 139
8 1026
8 1386
8 467
8 376
8 716
8 200
8 1350
8 1483
8 202
8 1773
8 1979
8 1842
8 422
8 430
8 1102
8 410
8 468
8 88
8 1451
8 538
8 895
8 1674
8 488
8 1850
8 150
8 1439
8 1609
8 1005
8 1941
8 1520
8 497
8 495
8 814
8 1379
8 350
8 1688
8 250
8 455
8 1099
8 1620
8 6
8 1937
8 321
8 1309
8 1032
8 190
8 1153
8 1662
8 44
8 1516
8 1596
8 1096
8 673
8 330
8 1923
8 1065
8 711
8 667
8 1638
8 1118
8 544
8 1128
8 1073
8 1837
8 552
8 1978
8 1224
8 1812
8 1524
8 353
8 921
8 1013
8 325
8 394
8 94
8 1095
8 1602
8 1141
8 1025
8 25
8 1375
8 1615
8 1584
8 649
8 14
8 46
8 686
8 1656
8 240
8 1771
8 27
8 1792
8 752
8 719
8 146
8 1178
8 148
8 313
8 1853
8 367
8 1290
8 1189
8 1133
8 640
8 609
8 134
8 215
8 20
8 33
8 1465
8 884
8 1087
8 1331
8 1874
8 1227
8 1399
935 1382
935 666
935 334
935 327
935 1619
935 60
935 1556
935 1690
935 1028
935 1212
935 1062
935 759
935 786
935 503
935 1585
935 1122
935 773
935 948
935 1090
935 61
935 870
935 1924
935 1147
935 1647
935 1367
935 1341
935 320
935 1253
935 1856
935 1890
935 891
935 1201
935 1659
935 1029
935 1473
935 1654
935 1595
935 758
935 1694
935 709
935 859
935 1834
935 1900
935 1198
935 359
935 623
935 1430
935 1276
935 1709
389 1382
389 276
389 995
389 1762
389 1406
389 423
389 1724
389 906
389 267
389 1044
389 463
389 1608
389 215
389 1328
389 1589
389 287
389 1632
389 563
389 1379
389 1614
389 1484
389 135
389 582
389 968
389 1377
389 437
389 587
389 1481
389 142
389 886
389 1170
389 767
389 1381
389 1674
389 205
389 1675
389 1482
389 472
389 1836
389 986
389 685
389 620
389 1827
389 931
389 1171
389 233
389 848
389 1464
1212 1382
1212 1122
1212 1933
1212 761
1212 935
1212 1041
1212 1908
1212 245
1212 1347
1212 208
1212 1660
1212 1912
1212 995
1212 1038
1212 800
1212 1892
1212 797
1212 130
1212 1476
1212 1951
1212 1068
1212 47
1212 1940
1212 1811
1212 1478
1212 307
1212 1976
1212 1690
1212 1400
1212 708
1212 1544
1212 461
1212 1106
1212 808
1212 1822
1212 1678
1212 551
1212 590
1212 827
1212 222
1212 196
1212 1191
1212 1401
1212 398
1212 1174
1212 1342
1212 724
1212 1286
1212 1067
1212 1074
1212 883
1212 1519
1212 1329
1212 988
1212 1904
1212 219
1212 1207
1212 547
1212 1500
1212 1726
1212 267
1212 650
1212 922
1212 736
1212 1321
1212 846
1212 951
1212 1748
1212 1120
1212 948
1212 1205
1212 1202
1212 1616
1212 1030
1212 74
1212 13
1212 1395
1212 1000
1212 1968
1212 1663
1212 545
1212 1154
1212 499
1212 859
1212 1070
1212 1025
1212 717
1212 555
1212 1612
1212 337
1212 1397
1212 854
1212 1364
1212 294
1212 402
1212 1890
1212 1346
1212 661
1212 1745
1212 479
1212 785
1212 1779
1212 943
1212 807
1212 142
1212 1571
1212 1703
1212 607
1212 1504
1212 1208
1212 120
1212 1820
1212 533
1212 888
1212 1280
1212 201
1212 1583
1212 1848
1212 584
1212 111
1212 1774
1212 1300
1212 963
1212 1225
1212 1988
1212 1496
1212 1186
1212 1098
1212 678
1212 1570
1212 700
1212 828
1212 627
1212 49
1212 1236
1212 515
1212 1747
1212 1691
1212 1558
1212 355
1212 1053
1212 1654
1212 1773
1212 1799
1212 1294
1212 829
1212 468
1212 106
1212 1451
1212 1670
1212 589
1212 820
1212 498
1212 220
1212 334
1212 377
1212 540
1212 1817
1212 339
1212 160
1212 285
1212 967
1212 1439
1212 1934
1212 1520
1212 1957
1212 230
1212 113
1212 286
1212 1085
1212 1723
1212 658
1212 316
1212 312
1212 1
1212 1153
1212 769
1212 68
1212 44
1212 610
1212 1596
1212 1338
1212 1509
1212 1553
1212 1542
1212 972
1212 283
1212 1128
1212 1889
1212 822
1212 824
1212 1101
1212 1238
1212 278
1212 152
1212 1317
1212 1978
1212 1166
1212 87
1212 1155
1212 1264
1212 1807
1212 407
1212 1857
1212 394
1212 900
1212 1823
1212 77
1212 913
1212 1588
1212 156
1212 1928
1212 1075
1212 1830
1212 1578
1212 965
1212 451
1212 1869
1212 38
1212 390
1212 1861
1212 628
1212 1991
1212 14
1212 953
1212 727
1212 1295
1212 1886
1212 686
1212 516
1212 629
1212 80
1212 1311
1212 752
1212 1240
1212 930
1212 84
1212 1604
1212 146
1212 1624
1212 1290
1212 447
1212 1738
1212 608
1212 675
1212 1742
1212 780
1212 991
1212 848
1212 1920
1212 640
1212 92
1212 248
1212 1084
1212 114
1212 33
1212 1111
1212 273
1212 489
1212 1352
1212 1714
1212 864
1921 1382
1921 1391
1921 1251
1921 1741
1921 1549
1921 840
1921 1376
1921 1487
1921 973
1921 144
1921 505
1921 211
1921 591
1921 1371
1921 434
1921 698
1921 1960
1921 1021
1921 1089
1921 496
1921 1848
1921 422
1921 1328
1921 26
1921 990
1921 339
1921 817
1921 1260
1921 1012
1921 506
1921 1171
1921 1932
1921 459
1921 1672
1921 495
1921 489
1921 1392
1921 391
1921 1471
1921 54
1921 142
1921 51
1921 1534
1921 1706
1921 831
1921 401
1921 455
1921 97
1921 1713
1921 157
1921 1514
1921 33
1155 1382
1155 1660
1155 1258
1155 1481
1155 1114
1155 600
1155 135
1155 1503
1155 1305
1155 1035
1155 901
1155 1975
1155 1576
1155 24
1155 1105
1155 1656
1155 1810
1155 797
1155 426
1155 1268
1155 1240
1155 1319
1155 818
1155 1212
1155 1351
1155 1062
1155 1392
1155 801
1155 1350
1155 287
1155 1556
1155 362
1155 1898
1155 1331
154 1382
154 464
154 1444
154 1127
154 1298
154 554
154 1867
154 1385
154 11
154 375
154 1854
154 700
154 1395
154 470
154 789
154 286
154 1634
154 170
154 603
154 179
154 676
154 870
154 280
154 1749
154 277
154 760
154 368
154 1008
154 154
154 52
154 1532
154 688
154 833
154 1133
154 1401
154 359
154 1717
154 62
154 60
154 32
154 1825
154 680
154 742
154 1841
154 134
154 1870
154 1088
1048 1382
1048 1880
1048 50
1048 1393
1048 1610
1048 804
1048 404
1048 851
1048 1815
1048 1062
1048 82
1048 257
1048 1022
1048 151
1048 1234
1048 174
1048 8
1048 942
1048 392
1048 1969
1048 1987
1048 1817
1048 1447
1048 1003
1048 1927
1048 269
1048 842
1048 105
1048 1417
1048 1609
1048 46
1048 1376
1048 681
1048 1534
1048 1923
1048 1411
1048 1462
1048 128
1048 343
1048 1652
1048 1435
1048 1701
1048 344
1048 1734
1048 1810
1048 1860
1048 1993
1048 835
1048 1585
1048 921
1048 1729
1048 1813
1048 146
1048 299
1048 248
1048 425
1048 489
13 1382
13 43
13 1041
13 854
13 431
13 50
13 464
13 1892
13 632
13 1444
13 1056
13 1816
13 1888
13 347
13 890
13 927
13 342
13 1763
13 1226
13 1530
13 1939
13 841
13 566
13 1412
13 1822
13 187
13 381
13 1576
13 1749
13 1649
13 1551
13 945
13 1904
13 219
13 764
13 1899
13 99
13 268
13 1054
13 1359
13 267
13 1611
13 650
13 1804
13 735
13 450
13 1462
13 1103
13 155
13 1801
13 575
13 434
13 1212
13 1257
13 1955
13 806
13 938
13 896
13 1793
13 253
13 446
13 261
13 1021
13 926
13 1779
13 697
13 1206
13 1145
13 1536
13 1135
13 235
13 1820
13 1435
13 779
13 277
13 888
13 1104
13 1345
13 997
13 1302
13 1222
13 1036
13 603
13 1132
13 375
13 558
13 178
13 1422
13 191
13 1949
13 1866
13 1172
13 509
13 437
13 1053
13 1901
13 430
13 1102
13 760
13 475
13 1180
13 470
13 1305
13 339
13 195
13 125
13 285
13 192
13 484
13 1434
13 1447
13 1520
13 1532
13 250
13 1099
13 388
13 6
13 1937
13 1782
13 190
13 567
13 193
13 1458
13 44
13 1617
13 1063
13 330
13 1244
13 880
13 481
13 944
13 1806
13 69
13 1344
13 289
13 1337
13 605
13 124
13 1238
13 278
13 494
13 57
13 1579
13 1729
13 1882
13 630
13 1794
13 1835
13 1068
13 10
13 1161
13 13
13 905
13 7
13 1293
13 455
13 1742
13 500
13 48
13 91
13 1818
13 848
13 393
13 108
13 419
13 1842
13 1719
13 628
13 1938
13 1143
13 1211
13 1832
13 1886
13 1273
13 1970
13 1431
13 1276
13 654
13 599
13 449
13 1129
13 781
13 1766
13 1705
13 293
13 1289
13 287
13 836
13 477
13 1514
13 655
13 1770
13 692
13 33
13 1465
13 861
13 16
13 1131
13 884
1518 1382
1518 43
1518 1523
1518 1261
1518 579
1518 1351
1518 702
1518 1650
1518 8
1518 530
1518 125
1518 799
1518 471
1518 757
1518 1210
1518 1231
1518 1029
1518 520
1518 1227
1518 673
1518 1224
1518 23
1518 726
1518 828
1518 290
1518 1862
1518 1913
1518 1511
1518 1151
1518 229
1957 1382
1957 1680
1957 693
1957 131
1957 1517
1957 24
1957 1212
1957 550
1957 1914
1957 1617
1957 933
1957 305
1957 584
1957 9
1957 391
1957 1460
1957 591
1957 747
1957 982
1957 79
1957 1653
1957 1944
1957 1980
1957 1301
1957 388
1957 44
1957 38
1796 1382
1796 1480
1796 3
1796 42
1796 808
1796 450
1796 1733
1796 528
1796 677
1796 168
1796 1531
1796 1005
1796 1864
1796 900
1796 729
1796 681
1796 1415
1796 1450
1796 280
1796 890
1796 185
1796 1915
1796 584
1796 205
1796 1909
1796 19
1796 1469
1796 1157
1796 65
1796 1467
1796 1287
1796 590
1796 1808
1796 350
1796 1210
1796 1107
1796 1841
1796 241
170 1382
170 1043
170 909
170 73
170 5
170 216
170 564
170 588
170 398
170 1652
170 480
170 1358
170 948
170 1548
170 771
170 815
170 697
170 1725
170 1036
170 1586
170 1360
170 376
170 1483
170 1773
170 545
170 228
170 1916
170 1391
170 1617
170 1007
170 417
170 821
170 120
170 1884
170 604
170 572
170 1998
170 1448
170 844
170 371
170 648
170 766
170 44
170 781
170 401
170 1786
170 304
170 237
170 1553
170 154
170 824
170 1978
170 1708
170 1163
170 887
170 924
170 84
170 98
170 1031
1944 1382
1944 1655
1944 1610
1944 632
1944 971
1944 1301
1944 1568
1944 841
1944 1412
1944 222
1944 816
1944 810
1944 1383
1944 735
1944 1945
1944 889
1944 1801
1944 294
1944 815
1944 1911
1944 1730
1944 415
1944 1645
1944 1413
1944 1146
1944 877
1944 140
1944 442
1944 1957
1944 702
1944 44
1944 283
1944 1621
1944 1537
1944 577
1944 628
1944 648
1944 34
1944 392
1944 7
1944 1164
1944 1247
1944 1681
1944 1592
1944 10
1944 474
1944 1699
1944 88
1944 24
1944 1122
1944 901
1944 1435
1944 982
1944 449
1944 907
1944 826
1944 924
1944 1581
1944 1460
1944 287
1944 932
1944 311
501 1382
501 47
501 666
501 1106
501 357
501 1342
501 1884
501 1960
501 189
501 713
501 690
501 609
501 431
501 10
501 1942
501 23
501 427
501 1467
501 1897
501 1035
501 1275
501 1658
501 1601
501 1364
501 624
501 841
501 1281
501 895
501 345
501 1297
501 1559
501 263
501 1866
501 1420
501 1803
501 1630
501 847
501 1006
501 172
501 534
501 217
501 1977
501 1173
501 1861
501 476
501 1011
501 1030
501 752
501 206
501 849
300 1382
300 800
300 3
300 695
300 10
300 1606
300 1302
300 1620
300 1877
300 666
300 380
300 820
300 220
300 414
300 1561
300 1050
300 532
300 925
300 75
300 1595
300 1912
300 1247
300 370
300 991
300 517
300 816
300 635
300 1752
300 301
300 976
300 197
300 373
300 942
300 1209
300 1546
300 1181
300 1402
300 964
300 1966
300 680
1000 719
1000 9
1000 1703
1000 906
1000 1555
1000 905
1000 23
1000 401
1000 1075
1000 1032
1000 1476
1000 909
1000 1479
1000 730
1000 1248
1000 39
1000 128
1000 1704
1000 1602
1000 1731
1000 1376
1000 1056
1000 992
1000 209
1000 399
1000 411
1000 637
1000 1212
1000 896
1000 142
1000 1643
1000 291
1000 1266
1000 281
1000 1450
1000 1670
1000 371
1000 470
1000 192
1000 1449
1000 563
1000 252
1000 913
1000 1886
1000 1825
719 1000
719 761
719 1761
719 1258
719 411
719 1358
719 529
719 1527
719 1305
719 193
719 66
719 486
719 1353
719 1418
719 196
719 707
719 889
719 1379
719 447
719 438
719 38
719 1483
719 1584
719 846
719 72
719 144
719 961
719 494
719 44
719 1742
719 1683
719 8
719 1806
719 1966
719 1885
1703 1000
1703 618
1703 1914
1703 1649
1703 988
1703 1321
1703 1955
1703 748
1703 428
1703 1160
1703 144
1703 261
1703 474
1703 1420
1703 1092
1703 1212
1703 1134
1703 478
1703 580
1703 1683
1703 1700
1703 271
1703 531
1703 364
1703 275
1703 1179
1703 35
1703 485
1703 1636
1703 42
1703 565
1703 753
1703 373
1703 2
1703 1824
1703 460
1703 1894
1703 820
1703 484
1703 624
1703 1844
1703 44
1703 897
1703 880
1703 901
1703 283
1703 123
1703 1938
1703 146
1703 425
906 1000
906 1463
906 130
906 423
906 1544
906 1405
906 657
906 1536
906 14
906 1475
906 544
906 6
906 1078
906 290
906 1432
906 37
906 224
906 543
906 111
906 1741
906 1765
906 832
906 228
906 663
906 389
906 126
906 35
906 370
906 403
906 846
906 511
906 11
906 93
906 1145
906 1170
906 1242
906 1386
906 1420
906 757
906 1503
906 1851
906 1279
906 497
906 825
906 1099
906 68
906 1664
906 1909
906 453
906 418
906 1567
906 1830
906 1273
906 746
906 541
906 680
906 1397
1555 1000
1555 42
1555 1387
1555 205
1555 471
1555 1962
1555 1994
1555 1952
1555 1421
1555 823
1555 1073
1555 1275
1555 334
1555 702
1555 725
1555 1984
1555 1958
1555 897
1555 200
1555 1288
1555 1065
1555 1437
1555 403
1555 1736
1555 949
1555 1858
1555 1346
1555 1715
1555 159
1555 925
1555 1470
1555 1351
1555 470
1555 1006
1555 1396
1555 1812
1555 25
1555 1784
1555 1968
905 1000
905 90
905 1079
905 1245
905 1398
905 839
905 1662
905 614
905 626
905 215
905 1961
905 1827
905 1478
905 1778
905 1058
905 1022
905 340
905 1723
905 1460
905 557
905 803
905 787
905 1907
905 530
905 1847
905 1179
905 1569
905 515
905 1747
905 1482
905 15
905 1407
905 237
905 696
905 620
905 13
905 1591
905 1456
905 436
905 837
905 1714
23 1000
23 1391
23 1933
23 898
23 835
23 826
23 1788
23 56
23 66
23 1936
23 1190
23 899
23 320
23 1154
23 71
23 1375
23 760
23 1126
23 1723
23 72
23 1593
23 584
23 362
23 413
23 117
23 855
23 1068
23 51
23 1301
23 1226
23 1298
23 883
23 1698
23 1533
23 501
23 1564
23 1145
23 607
23 183
23 557
23 1583
23 571
23 805
23 1518
23 527
23 1026
23 895
23 244
23 993
23 456
23 1617
23 1063
23 1064
23 838
23 1194
23 247
23 630
23 1002
23 561
23 1717
23 1211
23 266
23 1935
23 229
23 1784
23 1133
401 1000
401 1655
401 1712
401 1478
401 1383
401 717
401 1062
401 108
401 821
401 312
401 1984
401 1258
401 898
401 367
401 554
401 1564
401 1430
401 191
401 1149
401 220
401 737
401 762
401 325
401 236
401 1092
401 1691
401 243
401 1292
401 1124
401 1257
401 1992
401 638
401 180
401 1381
401 1670
401 550
401 1193
401 614
401 1005
401 365
401 1379
401 1689
401 1215
401 226
401 170
401 485
401 1948
401 1758
401 1563
401 1921
1075 1000
1075 1217
1075 971
1075 19
1075 1070
1075 1033
1075 327
1075 1312
1075 1896
1075 1756
1075 1345
1075 571
1075 263
1075 512
1075 1005
1075 1073
1075 1013
1075 589
1075 1198
1075 843
1075 333
1075 1355
1075 566
1075 1038
1075 1179
1075 823
1075 138
1075 1795
1075 1319
1075 1339
1075 446
1075 1666
1075 1626
1075 1212
1075 144
1075 1399
1075 909
1075 1271
1075 1853
1075 609
1032 1000
1032 598
1032 656
1032 1106
1032 223
1032 417
1032 295
1032 970
1032 246
1032 703
1032 1790
1032 1987
1032 1384
1032 942
1032 1341
1032 1065
1032 1006
1032 865
1032 1614
1032 1250
1032 1575
1032 399
1032 8
1032 189
1032 1069
1032 425
1032 157
1032 350
1032 54
1032 1490
1032 1716
1032 1402
1032 148
1032 991
1032 849
1476 1000
1476 43
1476 31
1476 1640
1476 1805
1476 797
1476 1886
1476 332
1476 1762
1476 14
1476 1279
1476 1212
1476 323
1476 930
1476 129
1476 918
1476 668
1476 1772
1476 492
1476 920
1476 942
1476 344
1476 1684
1476 998
1476 885
1476 198
1476 1106
1476 1929
1476 808
1476 292
1476 1291
1476 1069
1476 1257
1476 1896
1476 253
1476 592
1476 301
1476 701
1476 1222
1476 191
1476 1296
1476 1824
1476 593
1476 1754
1476 1979
1476 343
1476 507
1476 1246
1476 484
1476 847
1476 1434
1476 1379
1476 350
1476 702
1476 1092
1476 728
1476 193
1476 718
1476 572
1476 1516
1476 1917
1476 1166
1476 1228
1476 630
1476 899
1476 1859
1476 1705
1476 1512
1476 1130
909 1000
909 1660
909 1700
909 1569
909 170
909 1747
909 246
909 1091
909 885
909 1669
909 77
909 1318
909 963
909 140
909 1588
909 762
909 8
909 1012
909 1105
909 522
909 1425
909 1262
909 835
909 827
909 39
909 1614
909 1461
909 454
909 437
909 539
909 470
909 1152
909 1948
909 1075
909 844
909 1211
909 333
909 70
1479 1000
1479 1706
1479 1640
1479 818
1479 234
1479 1855
1479 233
1479 856
1479 1528
1479 610
1479 1751
1479 1482
1479 548
1479 1452
1479 1618
1479 1674
1479 631
1479 706
1479 146
1479 841
1479 564
1479 350
1479 1428
1479 1113
1479 1308
1479 1669
1479 615
1479 1992
1479 556
1479 1490
1479 737
1479 1735
1479 1860
1479 1233
1479 634
1479 1163
1479 1591
1479 1656
1479 1151
1479 1624
1479 109
1479 1111
1479 425
730 1000
730 27
730 1362
730 227
730 268
730 282
730 1693
730 33
730 1223
730 1557
730 1137
730 1777
730 879
730 1119
730 643
730 1872
730 9
730 1999
730 274
730 343
730 1209
730 1154
730 202
730 1057
730 1556
730 1095
730 965
730 1084
1248 1000
1248 331
1248 929
1248 1495
1248 1984
1248 1588
1248 354
1248 819
1248 1725
1248 1912
1248 1185
1248 420
1248 1559
1248 1438
1248 1250
1248 1825
1248 843
1248 577
1248 1160
1248 690
1248 134
1248 1079
1248 451
1248 703
1248 1139
1248 1208
39 1000
39 1802
39 24
39 764
39 1372
39 83
39 92
39 767
39 242
39 1260
39 48
39 15
39 585
39 909
39 1962
39 1349
39 8
39 443
39 1690
39 141
39 1963
39 808
39 148
39 1205
39 1648
39 1856
39 771
39 1232
39 1061
39 561
39 313
39 1087
128 1000
128 331
128 1529
128 918
128 1912
128 1610
128 1680
128 1951
128 929
128 73
128 517
128 1406
128 64
128 910
128 1167
128 766
128 1833
128 1698
128 846
128 1671
128 1628
128 344
128 1548
128 1955
128 1890
128 1745
128 1852
128 1206
128 1135
128 1571
128 607
128 1231
128 1232
128 1947
128 369
128 963
128 1078
128 437
128 126
128 1979
128 141
128 1328
128 378
128 540
128 1725
128 399
128 1511
128 19
128 1848
128 210
128 337
128 584
128 153
128 791
128 9
128 1157
128 1728
128 738
128 585
128 422
128 121
128 1942
128 61
128 498
128 306
128 614
128 125
128 847
128 503
128 145
128 15
128 190
128 1047
128 1437
128 1048
128 185
128 1023
128 560
128 1553
128 289
128 66
128 1823
128 1052
128 333
128 70
128 1825
128 98
128 1397
128 1514
128 744
128 161
1704 1000
1704 1335
1704 1288
1704 1462
1704 591
1704 745
1704 1569
1704 260
1704 1663
1704 774
1704 178
1704 670
1704 305
1704 1281
1704 1260
1704 224
1704 356
1704 119
1704 1118
1704 358
1704 506
1704 280
1704 1695
1704 193
1704 267
1704 1378
1704 234
1704 35
1704 478
1704 801
1704 330
1704 1419
1704 1326
1602 1000
1602 1610
1602 1951
1602 666
1602 209
1602 1286
1602 810
1602 99
1602 1666
1602 1952
1602 133
1602 643
1602 1745
1602 1387
1602 1954
1602 1160
1602 1543
1602 1491
1602 1266
1602 870
1602 358
1602 939
1602 168
1602 1472
1602 1697
1602 515
1602 925
1602 1209
1602 1223
1602 1609
1602 1279
1602 1020
1602 1860
1602 998
1602 486
1602 1200
1602 1489
1602 221
1602 965
1602 668
1602 61
1602 581
1602 1780
1602 248
1602 1665
1602 1790
1602 8
1602 1515
1602 1690
1602 984
1602 854
1602 1070
1602 1410
1602 298
1602 77
1602 1720
1602 541
1602 229
1602 1592
1731 1000
1731 90
1731 1277
1731 112
1731 1495
1731 723
1731 1614
1731 911
1731 1234
1731 197
1731 1501
1731 1711
1731 1634
1731 407
1731 473
1731 436
1731 1005
1731 683
1731 227
1731 1064
1731 126
1731 133
1731 660
1731 741
1731 558
1731 761
1731 122
1731 1318
1731 933
1731 532
1731 1310
1731 1768
1731 1165
1731 557
1731 585
1122 628
1122 994
1122 344
1122 299
1122 1212
1122 646
1122 474
1122 756
1122 305
1122 1354
1122 948
1122 539
1122 1478
1122 870
1122 71
1122 331
1122 1800
1122 1922
1122 1517
1122 461
1122 935
1122 1700
1122 1487
1122 169
1122 1341
1122 290
1122 1345
1122 1182
1122 960
1122 1159
1122 371
1122 1085
1122 673
1122 394
1122 773
1122 1944
1122 148
628 1122
628 796
628 153
628 1940
628 1965
628 1648
628 697
628 363
628 1150
628 1123
628 539
628 21
628 1883
628 1716
628 897
628 1631
628 66
628 79
628 582
628 965
628 662
628 974
628 1212
628 1468
628 1302
628 262
628 526
628 1735
628 1137
628 1031
628 735
628 1944
628 847
628 1403
628 490
628 119
628 1231
628 1852
628 727
628 13
628 654
628 20
994 1122
994 276
994 1741
994 1226
994 307
994 1678
994 17
994 328
994 1468
994 1492
994 989
994 525
994 1896
994 830
994 1081
994 1452
994 281
994 1645
994 1036
994 999
994 1895
994 963
994 845
994 678
994 4
994 586
994 439
994 1688
994 178
994 1121
994 1389
994 391
994 1233
994 1429
994 266
994 1535
994 1096
994 87
994 997
994 166
994 147
994 1319
994 1671
994 1317
994 1677
994 478
994 1490
994 12
994 1260
994 1662
994 950
994 1423
994 696
994 634
994 998
994 1510
994 231
994 1084
994 1278
344 1122
344 1391
344 1164
344 130
344 1480
344 1476
344 1816
344 1997
344 695
344 51
344 409
344 832
344 1478
344 973
344 1635
344 851
344 1551
344 537
344 530
344 1572
344 1142
344 1778
344 1120
344 211
344 723
344 366
344 1856
344 1097
344 12
344 520
344 128
344 155
344 1980
344 364
344 1985
344 1167
344 6
344 9
344 1922
344 1552
344 1799
344 932
344 620
344 392
344 528
344 74
344 1370
344 1669
344 1267
344 1454
344 1571
344 1600
344 579
344 1658
344 1786
344 351
344 678
344 135
344 1420
344 716
344 355
344 512
344 1306
344 1470
344 380
344 550
344 255
344 757
344 813
344 1607
344 439
344 172
344 534
344 1613
344 1269
344 1897
344 1215
344 68
344 1083
344 1048
344 1597
344 283
344 87
344 353
344 165
344 1194
344 1254
344 1539
344 1794
344 452
344 953
344 449
344 1165
344 1753
344 518
299 1122
299 1164
299 346
299 1685
299 1880
299 227
299 547
299 907
299 1160
299 1239
299 1445
299 556
299 430
299 1630
299 1168
299 230
299 1937
299 1269
299 1582
299 46
299 1656
299 1419
299 107
299 1612
299 326
299 277
299 1048
299 852
299 533
299 538
299 350
299 165
299 1227
299 1136
299 1984
299 1510
299 1350
299 41
299 690
299 1004
299 24
299 1874
646 1122
646 166
646 611
646 1400
646 1196
646 110
646 945
646 302
646 1715
646 1314
646 833
646 164
646 1219
646 772
646 1723
646 740
646 856
646 1913
646 1013
646 1475
646 193
646 276
646 1710
646 173
646 1859
646 197
646 1150
646 333
646 725
646 158
646 1382
646 849
646 1611
646 1932
646 1389
646 1722
646 882
646 878
646 518
474 1122
474 338
474 1789
474 403
474 7
474 1003
474 320
474 87
474 1107
474 624
474 137
474 631
474 1954
474 598
474 1852
474 1372
474 108
474 144
474 1691
474 1727
474 497
474 876
474 155
474 782
474 1703
474 1208
474 225
474 677
474 1558
474 1497
474 1126
474 540
474 1941
474 495
474 1956
474 226
474 348
474 1013
474 913
474 844
474 60
474 1944
474 1753
474 1902
474 95
474 161
756 1122
756 166
756 399
756 1088
756 1669
756 1670
756 117
756 561
756 687
756 1980
756 1893
756 69
756 1083
756 1257
756 963
756 947
756 555
756 222
756 870
756 42
756 171
756 598
756 1372
756 1231
756 1239
756 820
756 1193
756 181
756 707
756 878
756 692
305 1122
305 1700
305 1541
305 1726
305 1846
305 291
305 200
305 699
305 1704
305 1894
305 586
305 1362
305 1957
305 1840
305 1496
305 1698
305 33
305 1062
305 1732
305 1435
305 1469
305 629
305 94
305 482
305 1066
305 999
305 1852
305 921
305 1687
305 1741
305 1402
305 356
305 534
305 1863
305 772
305 1977
305 1612
305 776
305 1165
305 492
305 45
1354 1122
1354 651
1354 594
1354 1127
1354 633
1354 1950
1354 1779
1354 1349
1354 866
1354 453
1354 1530
1354 1234
1354 742
1354 1851
1354 1383
1354 1983
1354 1823
1354 8
1354 573
1354 1421
1354 1558
1354 535
1354 197
1354 563
1354 659
1354 186
1354 1571
1354 1776
1354 641
1354 406
1354 1854
1354 542
1354 323
1354 244
1354 230
1354 546
1354 1807
1354 485
1354 1197
1354 459
1354 1624
1354 1874
1354 1058
948 1122
948 935
948 10
948 890
948 64
948 1690
948 947
948 1628
948 1126
948 1212
948 170
948 159
948 799
948 936
948 562
948 1121
948 624
948 1371
948 1878
948 827
948 748
948 245
948 1783
948 1683
948 988
948 797
948 1619
948 384
948 1205
948 1364
948 345
948 1097
948 462
948 1504
948 8
948 468
948 334
948 1246
948 1851
948 1466
948 1014
948 610
948 1096
948 1612
948 1255
948 1507
948 1129
948 836
948 1625
539 1122
539 1217
539 1904
539 650
539 1829
539 830
539 1702
539 895
539 1808
539 909
539 1789
539 1492
539 1965
539 576
539 886
539 1641
539 529
539 1561
539 615
539 975
539 607
539 1012
539 9
539 1535
539 1285
539 628
539 1376
539 582
539 285
539 1865
539 1837
539 1812
539 240
539 780
1478 1122
1478 905
1478 800
1478 341
1478 401
1478 344
1478 657
1478 248
1478 27
1478 731
1478 375
1478 985
1478 713
1478 247
1478 462
1478 1848
1478 1212
1478 1069
1478 285
1478 1127
1478 1557
1478 343
1478 325
1478 214
1478 947
1478 978
1478 302
1478 1044
1478 1037
1478 592
1478 579
1478 1501
1478 392
1478 690
1478 422
1478 1675
1478 1837
1478 1374
71 1122
71 23
71 890
71 927
71 1226
71 218
71 898
71 274
71 657
71 617
71 1500
71 1798
71 1765
71 1858
71 1117
71 129
71 1573
71 102
71 811
71 785
71 559
71 1089
71 587
71 458
71 1450
71 1029
71 593
71 737
71 210
71 826
71 493
71 594
71 545
71 847
71 702
71 891
71 1861
71 1079
71 1288
71 774
71 1360
71 1261
71 1567
71 1101
71 1124
71 377
71 777
71 46
71 224
71 140
71 475
71 1427
71 1469
71 1993
71 1882
71 899
71 1259
71 858
71 1477
71 1499
71 849
71 1058
331 1122
331 508
331 1086
331 1289
331 1525
331 1961
331 1780
331 12
331 1128
331 552
331 1440
331 968
331 943
331 128
331 1041
331 624
331 1221
331 147
331 1027
331 523
331 1248
331 372
331 995
331 797
331 1940
331 1415
331 1732
331 1045
331 1845
331 1952
331 1801
331 1387
331 1964
331 500
331 1809
331 105
331 83
331 587
331 1104
331 1110
331 802
331 1586
331 432
331 1979
331 455
331 503
331 1620
331 1282
331 1917
331 1101
331 504
331 984
331 1560
331 148
331 1464
331 1399
1800 1122
1800 508
1800 918
1800 1914
1800 1308
1800 798
1800 1358
1800 55
1800 659
1800 774
1800 1285
1800 384
1800 86
1800 476
1800 1577
1800 1959
1800 9
1800 775
1800 123
1800 1127
1800 94
1800 1124
1800 506
1800 933
1800 390
1800 455
1800 751
1800 1613
1800 25
1800 436
1800 314
1800 85
1922 1122
1922 1217
1922 1393
1922 957
1922 1699
1922 1888
1922 517
1922 1301
1922 1759
1922 566
1922 187
1922 551
1922 254
1922 370
1922 1647
1922 1973
1922 1611
1922 889
1922 1713
1922 344
1922 557
1922 1728
1922 1895
1922 1296
1922 1490
1922 202
1922 1818
1922 243
1922 1630
1922 306
1922 9
1922 870
1922 1222
1922 119
1922 343
1922 1119
1922 386
1922 713
1922 926
1922 527
1922 229
1922 801
1922 1448
1922 1413
1922 1687
1922 1821
1922 405
1922 1164
1922 1006
1922 284
1922 893
1922 308
1922 1101
1922 1729
1922 143
1922 506
1922 318
1922 912
1922 1734
1922 1587
1922 1276
1922 599
1922 1165
1922 1966
1922 132
1922 513
1922 640
1922 1885
1517 1122
1517 433
1517 1547
1517 1951
1517 872
1517 1793
1517 1051
1517 1682
1517 1730
1517 1957
1517 1856
1517 479
1517 1878
1517 464
1517 653
1517 357
1517 277
1517 1007
1517 1524
1517 1758
1517 1532
1517 1795
1517 1255
1517 1779
1517 641
1517 451
1517 851
1517 1317
1517 1785
1517 1466
1517 1905
1517 348
1517 499
1517 1327
1517 1001
1517 1935
1517 1290
461 1122
461 797
461 51
461 666
461 27
461 1810
461 1912
461 1918
461 723
461 1212
461 1430
461 959
461 69
461 952
461 1645
461 1521
461 1488
461 343
461 991
461 1221
461 1952
461 476
461 241
461 219
461 429
461 763
461 417
461 1847
461 1266
461 1225
461 860
461 1219
461 1028
461 1083
461 271
461 866
1177 859
1177 1565
1177 1799
1177 727
1177 893
1177 129
1177 375
1177 1848
1177 1511
1177 927
1177 1859
1177 1791
1177 9
1177 819
1177 965
1177 141
1177 510
1177 861
1177 60
1177 275
1177 1980
1177 1501
1177 1150
1177 230
1177 1881
859 1177
859 987
859 1526
859 1390
859 851
859 219
859 1212
859 1037
859 1543
859 168
859 191
859 1395
859 341
859 619
859 1930
859 1330
859 1005
859 1983
859 801
859 1689
859 1937
859 308
859 1035
859 1571
859 9
859 34
859 1816
859 709
859 821
859 703
859 400
859 206
859 1738
859 935
859 734
859 789
859 355
859 1670
859 1632
859 306
859 187
859 1294
859 1662
859 1553
859 1128
859 1198
859 1165
859 1563
859 531
1565 1177
1565 1685
1565 19
1565 1749
1565 366
1565 242
1565 1955
1565 522
1565 1504
1565 603
1565 1378
1565 1309
1565 1662
1565 795
1565 811
1565 1227
1565 1132
1565 1056
1565 1357
1565 1645
1565 1120
1565 1389
1565 669
1565 1967
1565 227
1565 9
1565 1627
1565 1968
1565 92
1565 1911
1565 164
1565 368
1565 711
1565 972
1565 882
1565 1584
1565 504
1565 1499
1799 1177
1799 1619
1799 29
1799 588
1799 1174
1799 1629
1799 328
1799 1050
1799 344
1799 1746
1799 615
1799 225
1799 1144
1799 1786
1799 961
1799 392
1799 34
1799 18
1799 1993
1799 7
1799 1212
1799 1066
1799 1455
1799 429
1799 1467
1799 1742
1799 918
1799 706
1799 926
1799 1984
1799 772
1799 217
1799 443
1799 1363
1799 1810
1799 9
1799 1071
1799 1328
1799 538
1799 1269
1799 271
1799 1304
1799 601
1799 1807
1799 754
1799 451
1799 1018
1799 1591
1799 1353
1799 1720
1799 1784
1799 692
1799 837
1799 1898
727 1177
727 153
727 957
727 209
727 1973
727 1492
727 1120
727 1877
727 759
727 1469
727 68
727 1083
727 1722
727 628
727 130
727 12
727 36
727 101
727 1100
727 1214
727 750
727 867
727 444
727 283
727 1263
727 585
727 1903
727 1572
727 933
727 1632
727 463
727 1187
727 9
727 1212
727 1789
893 1177
893 1680
893 1203
893 1406
893 1105
893 1124
893 1250
893 125
893 789
893 1825
893 9
893 15
893 1761
893 724
893 854
893 885
893 22
893 1559
893 1894
893 260
893 1922
893 675
893 1810
893 1281
893 525
893 483
893 61
893 1936
893 1548
893 1085
893 1396
893 1049
893 964
375 1177
375 1478
375 1929
375 502
375 36
375 902
375 479
375 261
375 1109
375 1661
375 291
375 562
375 1302
375 960
375 1640
375 1942
375 1617
375 1697
375 1044
375 1300
375 1612
375 882
375 1107
375 1777
375 13
375 446
375 1243
375 540
375 737
375 541
375 1560
375 154
375 1600
375 726
375 220
375 1503
375 339
375 1546
375 15
375 1836
375 485
375 247
375 473
375 1183
375 1966
375 146
375 932
375 1727
1848 1177
1848 176
1848 957
1848 1478
1848 1666
1848 1033
1848 956
1848 889
1848 1548
1848 811
1848 1243
1848 1061
1848 1499
1848 456
1848 1633
1848 603
1848 1330
1848 317
1848 358
1848 1278
1848 790
1848 932
1848 109
1848 1921
1848 958
1848 682
1848 1056
1848 277
1848 1212
1848 1072
1848 1558
1848 1494
1848 128
1848 100
1848 813
1848 1434
1848 1984
1848 145
1848 1134
1848 152
1848 418
1848 1402
1848 1327
1848 1151
1848 531
1848 92
1848 395
1848 489
1511 1177
1511 683
1511 409
1511 611
1511 1622
1511 1659
1511 128
1511 26
1511 1941
1511 1252
1511 1881
1511 860
1511 1621
1511 463
1511 120
1511 587
1511 1518
1511 796
1511 1569
1511 982
1511 682
1511 872
1511 1230
1511 297
1511 491
1511 1287
1511 721
1511 530
1511 1771
1511 666
1511 632
1511 87
1511 1025
1511 240
1511 1624
927 1177
927 1322
927 1222
927 834
927 71
927 18
927 710
927 329
927 852
927 673
927 520
927 1071
927 1264
927 13
927 679
927 809
927 976
927 120
927 891
927 604
927 634
927 1874
927 1117
927 1820
927 1947
927 1893
927 1395
927 749
927 422
927 158
927 365
927 1613
927 1238
927 247
927 774
927 72
927 642
927 280
927 248
927 1592
1859 1177
1859 1802
1859 103
1859 721
1859 670
1859 1939
1859 1283
1859 951
1859 1433
1859 327
1859 1971
1859 1774
1859 714
1859 1445
1859 1436
1859 230
1859 1664
1859 784
1859 646
1859 977
1859 396
1859 865
1859 1476
1859 1068
1859 544
1859 1260
1859 863
1859 892
1859 1913
1859 1141
1859 319
1859 752
1859 1723
1859 485
1859 266
1859 998
1859 1086
1859 1259
1859 1119
1859 931
1791 1177
1791 869
1791 403
1791 1683
1791 1645
1791 749
1791 578
1791 589
1791 475
1791 238
1791 492
1791 87
1791 1887
1791 54
1791 455
1791 471
1791 592
1791 1281
1791 1641
1791 10
1791 498
1791 1036
1791 1297
1791 1441
1791 1549
1791 1256
1791 1715
1791 547
1791 1729
1791 1243
1791 1149
1791 822
1791 1418
1791 1642
1791 1692
819 1177
819 1529
819 1685
819 292
819 1519
819 1845
819 1950
819 793
819 429
819 1992
819 1954
819 886
819 105
819 573
819 467
819 1498
819 1930
819 1934
819 1362
819 1482
819 1252
819 1407
819 1195
819 189
819 595
819 1013
819 1775
819 212
819 471
819 163
819 505
819 165
819 417
819 281
819 1248
819 1154
819 1554
819 64
819 1452
819 1613
819 15
819 199
819 1985
819 547
819 1329
819 241
819 215
819 20
819 1879
965 1177
965 914
965 1292
965 616
965 357
965 865
965 1833
965 1572
965 1671
965 1312
965 1237
965 902
965 553
965 301
965 1384
965 1112
965 1144
965 677
965 1484
965 1681
965 100
965 1485
965 672
965 172
965 1646
965 739
965 733
965 391
965 1121
965 582
965 1602
965 1421
965 1842
965 1380
965 197
965 470
965 430
965 466
965 506
965 381
965 628
965 687
965 136
965 358
965 532
965 427
965 1429
965 1294
965 730
965 1212
965 1827
965 924
965 293
965 1692
965 1403
965 543
965 1352
141 1177
141 1655
141 1335
141 1070
141 1698
141 979
141 1821
141 39
141 1980
141 203
141 1119
141 168
141 1182
141 263
141 337
141 422
141 514
141 553
141 550
141 1619
141 1736
141 1066
141 44
141 594
141 982
141 35
141 128
141 1031
141 1043
141 1318
141 1501
141 264
141 225
141 635
141 426
141 1508
141 1498
141 468
141 1930
141 246
141 1984
141 321
141 1047
141 1882
141 1271
141 1453
141 887
141 692
510 1177
510 602
510 574
510 755
510 818
510 381
510 1692
510 1460
510 29
510 296
510 1046
510 65
510 8
510 1656
510 817
510 1513
510 605
510 35
510 918
510 123
510 37
510 1822
510 1780
510 1552
510 694
510 206
510 1410
510 1132
510 809
510 1366
510 895
510 689
510 452
510 449
861 1177
861 117
861 274
861 724
861 1205
861 197
861 1484
861 282
861 1558
861 1328
861 538
861 722
861 484
861 1011
861 1240
861 34
861 1264
861 459
861 701
861 263
861 1775
861 1174
861 938
861 392
861 178
861 13
861 1711
861 635
861 89
861 1002
861 470
861 1681
861 1283
861 1860
861 384
861 1038
60 1177
60 935
60 1710
60 800
60 1568
60 1538
60 1544
60 1572
60 420
60 11
60 82
60 1416
60 1232
60 1839
60 1603
60 373
60 406
60 1420
60 334
60 1503
60 904
60 703
60 1646
60 1634
60 915
60 1539
60 885
60 421
60 14
60 173
60 831
60 1826
60 1042
60 1195
60 839
60 24
60 455
60 1802
60 1830
60 355
60 880
60 154
60 1575
60 1812
60 1786
60 376
60 474
60 379
60 1115
60 321
60 1792
275 1177
275 292
275 745
275 1528
275 1703
275 1645
275 1803
275 699
275 230
275 801
275 1984
275 188
275 1576
275 610
275 455
275 214
275 494
275 44
275 1202
275 553
275 918
275 391
275 1919
275 826
275 941
275 113
275 1665
275 72
275 1295
275 442
275 770
275 1808
275 1018
176 786
176 9
176 343
176 1950
176 1408
176 1366
176 444
176 1678
176 193
176 1285
176 953
176 1848
176 205
176 291
176 318
176 72
176 233
176 895
176 72
176 1190
176 568
176 149
176 177
176 1919
176 636
176 1307
176 47
176 1943
176 1538
176 1566
176 267
176 1062
176 1614
176 1980
176 891
176 116
176 1744
176 1231
176 1543
176 638
176 97
176 962
176 309
176 939
176 454
176 966
176 578
176 1681
176 934
176 1188
176 1688
176 1567
176 1095
176 1259
176 729
176 1599
176 1273
176 443
176 1343
176 1133
176 1906
176 1352
176 1994
176 1874
176 1398
786 176
786 935
786 409
786 1433
786 360
786 1206
786 587
786 1114
786 1850
786 789
786 407
786 915
786 876
786 117
786 232
786 46
786 427
786 693
786 480
786 639
786 1961
786 57
786 1072
786 822
786 1195
786 1179
786 268
786 1505
786 1426
786 286
786 1743
786 1303
786 1771
786 780
343 176
343 1323
343 730
343 1712
343 1780
343 1463
343 1640
343 1277
343 1076
343 800
343 955
343 1805
343 1816
343 1478
343 787
343 1759
343 19
343 1544
343 1668
343 461
343 438
343 357
343 657
343 1158
343 1207
343 1274
343 736
343 1772
343 1671
343 1103
343 1202
343 704
343 1679
343 335
343 261
343 142
343 1452
343 638
343 1302
343 1162
343 799
343 147
343 777
343 8
343 1410
343 297
343 1124
343 265
343 1119
343 668
343 1826
343 236
343 1413
343 332
343 627
343 1059
343 737
343 1818
343 1894
343 1476
343 204
343 175
343 1178
343 471
343 1809
343 194
343 1115
343 1423
343 339
343 1958
343 1825
343 1938
343 795
343 1591
343 1280
343 1638
343 493
343 1976
343 1795
343 820
343 371
343 1850
343 934
343 1546
343 21
343 672
343 1922
343 881
343 350
343 1905
343 172
343 703
343 490
343 709
343 408
343 308
343 1836
343 1048
343 1414
343 1392
343 1255
343 143
343 1588
343 1584
343 654
343 449
343 648
343 314
343 1604
343 836
343 1512
343 1870
343 850
343 1727
343 1111
343 849
343 884
1950 176
1950 797
1950 1383
1950 385
1950 1354
1950 1749
1950 828
1950 1514
1950 1389
1950 1421
1950 807
1950 161
1950 1101
1950 178
1950 819
1950 1080
1950 1640
1950 374
1950 322
1950 1051
1950 114
1950 1662
1950 1788
1950 737
1950 483
1950 360
1950 186
1950 1281
1950 1836
1950 1718
1950 1002
1950 1794
1950 1886
1950 239
1950 206
1950 535
1950 146
1408 176
1408 1283
1408 110
1408 894
1408 793
1408 1012
1408 1692
1408 1185
1408 1365
1408 92
1408 777
1408 383
1408 614
1408 1684
1408 1643
1408 1786
1408 1670
1408 915
1408 1685
1408 159
1408 144
1408 947
1408 781
1408 999
1408 926
1408 1583
1408 369
1408 1593
1408 1424
1408 549
1408 1575
1408 499
1408 239
1408 1326
1366 176
1366 987
1366 208
1366 1736
1366 1377
1366 907
1366 1855
1366 607
1366 1847
1366 1357
1366 574
1366 190
1366 221
1366 822
1366 1116
1366 1287
1366 799
1366 510
1366 973
1366 485
1366 1355
1366 459
1366 1119
1366 1017
1366 552
1366 1620
1366 420
1366 1432
1366 1473
1366 48
1366 569
1366 1553
1366 1233
1366 1467
1366 1807
444 176
444 149
444 1762
444 186
444 1197
444 395
444 92
444 652
444 1901
444 133
444 984
444 1044
444 178
444 11
444 1231
444 215
444 774
444 1807
444 1085
444 1059
444 1429
444 1215
444 507
444 1940
444 890
444 65
444 296
444 907
444 637
444 1370
444 1809
444 363
444 1080
444 1461
444 371
444 879
444 125
444 739
444 1073
444 1764
444 451
444 1259
444 727
444 887
444 173
444 445
444 419
444 354
444 136
444 604
444 45
444 33
1678 176
1678 1076
1678 1127
1678 51
1678 1871
1678 558
1678 494
1678 584
1678 306
1678 147
1678 1212
1678 1380
1678 1066
1678 53
1678 994
1678 1711
1678 393
1678 1682
1678 215
1678 529
1678 1259
1678 168
1678 672
1678 1840
1678 366
1678 1067
1678 1074
1678 1500
1678 1475
1678 1772
1678 798
1678 411
1678 1821
1678 448
1678 1312
1678 1679
1678 661
1678 1605
1678 635
1678 583
1678 1314
1678 1230
1678 8
1678 963
1678 1450
1678 1268
1678 1586
1678 860
1678 715
1678 1443
1678 1441
1678 379
1678 442
1678 470
1678 1427
1678 1817
1678 339
1678 1007
1678 439
1678 789
1678 1844
1678 1149
1678 1083
1678 1585
1678 1128
1678 453
1678 998
1678 762
1678 1136
1678 1417
1678 329
1678 1430
1678 1060
1678 1849
1678 1938
1678 1369
1678 1343
1678 622
1678 1514
1678 857
1678 1088
1678 1465
193 176
193 153
193 1805
193 1292
193 1700
193 1127
193 666
193 1400
193 1174
193 525
193 1017
193 524
193 603
193 369
193 939
193 1895
193 1704
193 619
193 586
193 1620
193 26
193 891
193 977
193 1476
193 719
193 1036
193 13
193 533
193 1442
193 216
193 913
193 1365
193 294
193 1884
193 1515
193 1903
193 573
193 1728
193 1455
193 1244
193 1545
193 646
193 1224
193 1243
193 1025
193 249
193 1898
193 104
1285 176
1285 1540
1285 1487
1285 588
1285 841
1285 1732
1285 1611
1285 41
1285 596
1285 1674
1285 159
1285 1052
1285 167
1285 1603
1285 774
1285 940
1285 91
1285 161
1285 1889
1285 129
1285 352
1285 780
1285 22
1285 1881
1285 1161
1285 45
1285 837
1285 261
1285 693
1285 1536
1285 1992
1285 1170
1285 482
1285 4
1285 432
1285 430
1285 1102
1285 539
1285 1800
1285 1657
1285 1233
1285 418
1285 1808
1285 1263
1285 1857
1285 1002
1285 599
1285 477
1285 608
1285 1189
1285 621
953 176
953 326
953 1761
953 110
953 1492
953 1291
953 805
953 1236
953 200
953 1783
953 1757
953 652
953 96
953 1417
953 1101
953 1482
953 394
953 242
953 112
953 1554
953 1695
953 852
953 1982
953 24
953 1523
953 548
953 1395
953 954
953 219
953 279
953 344
953 1588
953 1212
953 311
953 1326
205 176
205 594
205 1292
205 51
205 832
205 404
205 63
205 1555
205 617
205 1500
205 429
205 791
205 327
205 1187
205 1831
205 142
205 1809
205 1992
205 301
205 201
205 1394
205 645
205 1296
205 860
205 1357
205 1102
205 1818
205 210
205 1636
205 1196
205 472
205 867
205 1512
205 1711
205 389
205 693
205 18
205 1486
205 1002
205 527
205 891
205 724
205 32
205 986
205 1483
205 1246
205 1439
205 652
205 1722
205 899
205 272
205 1642
205 1796
205 1148
205 80
205 604
205 1130
205 1221
291 176
291 869
291 177
291 222
291 1388
291 856
291 1580
291 985
291 462
291 296
291 61
291 1620
291 1538
291 879
291 305
291 1065
291 375
291 8
291 368
291 1430
291 1520
291 1000
291 210
291 202
291 902
291 1858
291 1153
291 317
291 1062
291 767
291 1776
291 1484
291 454
291 1691
291 512
291 874
291 1595
291 946
291 1028
291 625
291 546
291 1431
291 27
291 1825
291 1397
318 176
318 918
318 1619
318 1393
318 1390
318 957
318 336
318 607
318 1525
318 870
318 645
318 1159
318 1348
318 1188
318 1279
318 1641
318 1687
318 9
318 146
318 1050
318 1768
318 1398
318 1620
318 1692
318 217
318 338
318 252
318 1417
318 1576
318 1429
318 24
318 1922
318 1305
318 1774
318 1287
318 642
318 499
318 871
318 396
72 176
72 1933
72 346
72 23
72 208
72 1526
72 117
72 800
72 1390
72 973
72 65
72 530
72 713
72 1062
72 221
72 1648
72 1249
72 626
72 1971
72 1875
72 701
72 936
72 1949
72 1554
72 1787
72 758
72 1092
72 728
72 1634
72 1956
72 1516
72 734
72 1843
72 275
72 1344
72 289
72 391
72 57
72 414
72 1095
72 582
72 506
72 59
72 1835
72 1849
72 423
72 1405
72 1533
72 927
72 1489
72 495
72 775
72 608
72 714
72 1656
72 1887
72 579
72 1125
72 281
72 33
72 821
72 481
72 1183
72 719
72 1214
72 146
72 157
72 1084
233 176
233 31
233 1479
233 832
233 611
233 64
233 841
233 1412
233 1653
233 764
233 923
233 1752
233 1384
233 111
233 853
233 1300
233 297
233 1201
233 1132
233 377
233 1085
233 466
233 750
233 1579
233 630
233 362
233 1030
233 333
233 9
233 455
233 1920
233 152
233 293
233 1675
233 702
233 541
233 25
233 918
233 984
233 562
233 196
233 585
233 389
233 1254
233 854
233 612
233 1323
233 537
233 132
233 1031
895 176
895 276
895 1958
895 1486
895 854
895 110
895 366
895 575
895 1953
895 501
895 779
895 422
895 1071
895 376
895 8
895 729
895 490
895 533
895 207
895 510
895 827
895 742
895 986
895 539
895 130
895 1808
895 1344
895 1645
895 1284
895 23
895 1326
895 925
895 534
895 610
895 1516
895 880
895 14
895 1129
895 333
895 1604
895 1935
1323 1531
1323 1643
1323 17
1323 1264
1323 42
1323 524
1323 1432
1323 1418
1323 352
1323 825
1323 1333
1323 478
1323 180
1323 194
1323 918
1323 343
1323 1428
1323 479
1323 1211
1323 599
1323 922
1323 1798
1323 257
1323 1954
1323 164
1323 614
1323 1282
1323 456
1323 165
1323 27
1323 233
1323 1785
1531 1323
1531 78
1531 413
1531 1274
1531 557
1531 759
1531 1236
1531 15
1531 1632
1531 1795
1531 1112
1531 132
1531 454
1531 286
1531 1861
1531 1561
1531 1382
1531 1596
1531 186
1531 1220
1531 138
1531 1796
1531 1250
1531 1421
1531 822
1531 1836
1531 1439
1531 76
1531 1320
1643 1323
1643 433
1643 1780
1643 1805
1643 1676
1643 1444
1643 1939
1643 1726
1643 1408
1643 374
1643 645
1643 1119
1643 1061
1643 1041
1643 1236
1643 270
1643 1210
1643 706
1643 699
1643 710
1643 1255
1643 1609
1643 775
1643 289
1643 54
1643 588
1643 1000
1643 1986
1643 572
1643 1527
1643 358
1643 1300
1643 1293
1643 1670
1643 1168
1643 1115
1643 1983
1643 703
1643 316
1643 673
1643 330
1643 1578
1643 885
1643 1582
1643 1861
1643 427
1643 1581
1643 640
17 1323
17 1041
17 1217
17 63
17 1419
17 426
17 950
17 64
17 500
17 192
17 1434
17 994
17 52
17 8
17 1927
17 79
17 15
17 249
17 508
17 1264
17 824
17 1240
17 1894
17 1347
17 827
17 1475
17 736
17 417
17 356
17 1713
17 806
17 446
17 613
17 479
17 1314
17 1501
17 999
17 322
17 542
17 106
17 569
17 1448
17 1608
17 1987
17 150
17 605
17 601
17 921
17 1027
17 38
17 1353
17 1903
17 1970
17 1758
17 752
17 70
17 1968
17 1031
17 92
1264 1323
1264 523
1264 1660
1264 974
1264 927
1264 554
1264 1070
1264 17
1264 1649
1264 988
1264 1884
1264 1291
1264 366
1264 1648
1264 327
1264 1756
1264 52
1264 1776
1264 1472
1264 809
1264 49
1264 790
1264 251
1264 897
1264 1210
1264 1843
1264 880
1264 74
1264 1389
1264 1609
1264 1706
1264 1212
1264 167
1264 672
1264 1805
1264 398
1264 1743
1264 384
1264 921
1264 559
1264 674
1264 440
1264 514
1264 301
1264 320
1264 121
1264 480
1264 947
1264 1018
1264 459
1264 1587
1264 393
1264 1214
1264 861
1264 95
1264 1398
42 1323
42 50
42 103
42 1116
42 526
42 24
42 18
42 824
42 1620
42 870
42 1439
42 750
42 702
42 505
42 1785
42 1206
42 1851
42 43
42 1452
42 337
42 105
42 1796
42 1555
42 1176
42 872
42 756
42 1973
42 429
42 290
42 1971
42 1703
42 977
42 1963
42 1108
42 1491
42 565
42 939
42 164
42 860
42 1646
42 769
42 1389
42 1612
42 451
42 272
42 1734
42 541
42 1625
42 1737
524 1323
524 1034
524 1777
524 73
524 1943
524 983
524 1135
524 918
524 1763
524 555
524 446
524 417
524 1245
524 1679
524 1594
524 379
524 285
524 193
524 1990
524 174
524 10
524 295
524 1687
524 805
524 1657
524 736
524 1425
524 700
524 1497
524 150
524 1941
524 1282
524 1437
524 1096
524 1722
524 1588
524 649
1432 1323
1432 130
1432 906
1432 1867
1432 267
1432 320
1432 221
1432 782
1432 159
1432 1022
1432 9
1432 1918
1432 809
1432 1366
1432 1979
1432 1577
1432 1379
1432 625
1432 739
1432 372
1432 696
1432 1917
1432 1638
1432 1161
1432 1101
1432 1467
1432 981
1432 765
1432 1163
1432 561
1432 24
1432 266
1432 926
1432 843
1432 126
1432 1030
1432 1287
1432 1294
1432 96
1432 1684
1432 1961
1432 1806
1432 1440
1432 136
1432 1768
1432 1718
1432 1905
1432 7
1432 1650
1432 1446
1418 1323
1418 1685
1418 1217
1418 50
1418 1610
1418 632
1418 1042
1418 1307
1418 890
1418 1759
1418 975
1418 307
1418 1538
1418 1668
1418 1405
1418 1761
1418 65
1418 274
1418 338
1418 1324
1418 530
1418 1736
1418 1033
1418 687
1418 661
1418 626
1418 290
1418 261
1418 1623
1418 1971
1418 1820
1418 1525
1418 1394
1418 645
1418 147
1418 1893
1418 1915
1418 747
1418 1080
1418 351
1418 527
1418 454
1418 1091
1418 715
1418 467
1418 925
1418 1711
1418 1008
1418 820
1418 1204
1418 1057
1418 1488
1418 1883
1418 1657
1418 1650
1418 1099
1418 1003
1418 718
1418 1881
1418 1596
1418 330
1418 1843
1418 69
1418 1118
1418 87
1418 317
1418 1579
1418 359
1418 1049
1418 844
1418 1229
1418 885
1418 24
1418 1559
1418 204
1418 384
1418 1546
1418 944
1418 1477
1418 1010
1418 1043
1418 1201
1418 136
1418 1054
1418 47
1418 1348
1418 403
1418 1791
1418 138
1418 642
1418 132
1418 221
1418 1079
1418 1143
1418 476
1418 1148
1418 1319
1418 719
1418 1178
1418 157
1418 1770
1418 1361
1418 609
1418 1885
1418 543
1418 917
352 1323
352 276
352 1919
352 1543
352 531
352 1852
352 891
352 514
352 204
352 1653
352 1601
352 1240
352 1205
352 443
352 332
352 1379
352 1798
352 1992
352 894
352 40
352 540
352 827
352 1455
352 1285
352 1876
352 492
352 1403
352 928
825 1323
825 51
825 204
825 1875
825 97
825 277
825 593
825 796
825 1557
825 482
825 443
825 517
825 341
825 1228
825 167
825 1587
825 41
825 918
825 85
825 1996
825 906
825 367
825 1106
825 22
825 936
825 1925
825 152
825 597
825 582
1333 1323
1333 594
1333 1640
1333 974
1333 1425
1333 1760
1333 832
1333 1196
1333 1138
1333 155
1333 886
1333 120
1333 557
1333 532
1333 700
1333 1803
1333 1483
1333 1754
1333 1351
1333 100
1333 1448
1333 1094
1333 181
1333 239
1333 991
1333 775
1333 1682
1333 157
1333 652
1333 867
1333 1538
1333 33
1333 54
1333 1509
1333 98
1333 635
1333 647
1333 813
1333 238
1333 1339
1333 201
1333 773
1333 1402
1333 601
1333 1925
1333 62
1333 520
1333 1290
478 1323
478 568
478 1712
478 854
478 1340
478 552
478 308
478 1906
478 1661
478 484
478 448
478 285
478 1880
478 750
478 759
478 879
478 1389
478 1368
478 241
478 1226
478 1711
478 41
478 151
478 1300
478 24
478 166
478 1926
478 670
478 162
478 736
478 637
478 1364
478 1346
478 1779
478 1703
478 528
478 1162
478 1603
478 1213
478 1658
478 1496
478 1262
478 1704
478 960
478 192
478 1673
478 113
478 739
478 709
478 994
478 466
478 1181
478 1993
478 485
478 1402
478 1140
478 773
478 982
478 792
180 1323
180 1700
180 1291
180 1373
180 795
180 923
180 1573
180 1746
180 1911
180 977
180 1525
180 922
180 700
180 211
180 723
180 10
180 1166
180 24
180 564
180 55
180 1070
180 159
180 1145
180 136
180 508
180 27
180 1772
180 702
180 918
180 401
180 546
180 962
180 337
180 1707
180 908
180 1093
180 1723
180 972
180 1414
180 1642
180 1129
918 1323
918 1958
918 132
918 1642
918 24
918 933
918 1807
918 1385
918 96
918 996
918 1231
918 557
918 1305
918 892
918 1800
918 128
918 1070
918 318
918 1065
918 885
918 1464
918 1989
918 1486
918 112
918 1086
918 1476
918 1699
918 1878
918 1811
918 1871
918 576
918 1544
918 1147
918 766
918 1495
918 644
918 852
918 35
918 1105
918 53
918 1572
918 328
918 1666
918 1050
918 1291
918 1358
918 1371
918 155
918 356
918 1044
918 511
918 1117
918 938
918 253
918 1051
918 510
918 688
918 167
918 1756
918 1297
918 1108
918 1345
918 180
918 151
918 524
918 668
918 1826
918 1186
918 337
918 467
918 1773
918 1799
918 829
918 1633
918 484
918 1876
918 1883
918 186
918 495
918 825
918 1650
918 440
918 455
918 739
918 1937
918 1309
918 1282
918 751
918 312
918 1153
918 275
918 74
918 835
918 581
918 359
918 1027
918 156
918 1938
918 1295
918 443
918 1792
918 1319
918 1240
918 1625
918 233
918 471
918 1968
918 982
918 45
918 725
918 280
918 1898
918 1399
1428 1323
1428 1347
1428 117
1428 631
1428 1547
1428 1479
1428 865
1428 110
1428 1772
1428 1952
1428 1299
1428 500
1428 527
1428 1438
1428 812
1428 1123
1428 1223
1428 1675
1428 1281
1428 536
1428 1067
1428 188
1428 1596
1428 27
1428 381
1428 757
1428 811
1428 327
1428 609
1428 928
1428 1697
1428 1585
1428 839
1428 1582
1428 1692
1428 120
1428 1351
1428 1857
1428 1106
1428 298
1428 623
1428 1717
1428 84
1428 1853
1428 1318
479 1323
479 31
479 1506
479 24
479 890
479 5
479 56
479 1192
479 956
479 706
479 1426
479 626
479 1708
479 764
479 1710
479 1212
479 1575
479 17
479 367
479 1441
479 974
479 557
479 194
479 1538
479 985
479 206
479 375
479 1275
479 1877
479 571
479 174
479 1472
479 332
479 1091
479 1517
479 538
479 1250
479 67
479 1338
479 152
479 1936
479 1507
479 1088
1211 1323
1211 1610
1211 1838
1211 843
1211 1538
1211 1733
1211 1055
1211 1974
1211 52
1211 1915
1211 1215
1211 772
1211 1238
1211 1374
1211 1375
1211 1185
1211 555
1211 23
1211 7
1211 848
1211 574
1211 13
1211 679
1211 327
1211 410
1211 213
1211 909
1211 862
1211 855
1211 126
1211 1274
1211 392
1211 875
1211 1550
1211 648
1211 215
1211 33
1211 849
599 1323
599 1680
599 198
599 872
599 803
599 30
599 416
599 1954
599 1820
599 168
599 351
599 1102
599 1134
599 605
599 123
599 653
599 964
599 1285
599 652
599 697
599 13
599 1652
599 471
599 1351
599 280
599 1744
599 239
599 1031
599 999
599 1951
599 447
599 1922
599 625
599 562
599 1047
599 186
599 349
599 184
75 950
75 544
75 319
75 393
75 658
75 124
75 836
75 1399
75 1421
75 1598
75 448
75 1163
75 888
75 1288
75 24
75 420
75 723
75 1356
75 668
75 1483
75 300
75 1975
75 795
75 1187
75 1438
75 1766
950 75
950 1878
950 1226
950 17
950 1965
950 1074
950 1291
950 223
950 221
950 1021
950 856
950 257
950 416
950 159
950 1809
950 1911
950 1525
950 587
950 1915
950 1472
950 467
950 1503
950 238
950 1694
950 1613
950 316
950 1375
950 1688
950 41
950 286
950 839
950 693
950 1210
950 190
950 1772
950 921
950 994
950 94
950 874
950 295
950 1353
950 592
950 1293
950 69
950 1866
950 1206
950 1758
950 1030
950 62
544 75
544 971
544 1116
544 1301
544 404
544 657
544 906
544 1500
544 211
544 324
544 360
544 1947
544 809
544 573
544 202
544 538
544 140
544 734
544 390
544 1572
544 1489
544 1425
544 1900
544 452
544 1398
544 295
544 793
544 1906
544 617
544 738
544 414
544 1405
544 776
544 328
544 753
544 8
544 1125
544 1846
544 1238
544 762
544 1025
544 451
544 653
544 1859
544 1311
544 354
544 1290
544 849
319 75
319 594
319 1226
319 1106
319 1200
319 735
319 1103
319 1648
319 448
319 1370
319 303
319 688
319 1089
319 888
319 1740
319 263
319 487
319 585
319 1336
319 863
319 220
319 1007
319 1015
319 1520
319 758
319 1994
319 436
319 228
319 125
319 1008
319 700
319 1271
319 496
319 1577
319 41
319 871
319 15
319 169
319 1665
319 1387
319 1625
319 9
319 1872
319 602
319 1092
319 1843
319 1247
319 1859
319 452
319 682
319 520
393 75
393 346
393 1939
393 1678
393 1907
393 1358
393 1765
393 468
393 689
393 1689
393 1524
393 1768
393 913
393 1061
393 13
393 178
393 1302
393 982
393 290
393 338
393 1130
393 89
393 993
393 1186
393 1798
393 1684
393 1785
393 1002
393 714
393 495
393 446
393 1954
393 1158
393 1264
393 402
658 75
658 1680
658 1519
658 138
658 281
658 828
658 1262
658 26
658 1272
658 1508
658 120
658 904
658 1850
658 33
658 637
658 462
658 1548
658 1815
658 1002
658 43
658 1468
658 1212
658 1617
658 592
658 384
658 1976
658 1422
658 665
658 1300
658 1863
658 76
658 452
658 622
658 104
124 75
124 1034
124 933
124 1636
124 1444
124 1203
124 804
124 101
124 307
124 1568
124 910
124 1538
124 374
124 56
124 63
124 983
124 1566
124 1635
124 633
124 171
124 547
124 1629
124 268
124 1726
124 1200
124 1385
124 791
124 771
124 1364
124 1037
124 253
124 661
124 194
124 1683
124 1831
124 1046
124 52
124 587
124 1144
124 265
124 28
124 1586
124 519
124 1386
124 828
124 437
124 422
124 1913
124 468
124 140
124 1448
124 1180
124 246
124 1675
124 1934
124 1876
124 758
124 1379
124 455
124 1844
124 286
124 181
124 1916
124 560
124 1542
124 1585
124 391
124 486
124 278
124 1060
124 1880
124 517
124 1463
124 1992
124 641
124 418
124 1665
124 564
124 1014
124 13
124 737
124 663
124 1712
124 1051
124 1504
124 1389
124 1768
124 765
124 1255
124 1819
124 1417
124 156
124 1402
124 729
124 1199
124 1717
124 1129
124 386
124 1368
124 239
124 184
124 1581
124 1001
124 1604
124 1737
124 1696
124 1885
124 1513
124 1326
124 489
124 1331
124 1398
836 75
836 90
836 1024
836 103
836 1523
836 1572
836 1200
836 1713
836 1046
836 281
836 1990
836 28
836 106
836 1665
836 185
836 750
836 362
836 1599
836 333
836 188
836 136
836 230
836 13
836 982
836 1278
836 821
836 1259
836 343
836 1732
836 973
836 15
836 948
836 1946
836 830
836 7
836 330
836 949
836 9
836 1937
836 695
836 1853
836 311
1399 75
1399 81
1399 1383
1399 846
1399 1858
1399 448
1399 1175
1399 1208
1399 496
1399 1893
1399 1915
1399 1702
1399 1558
1399 1027
1399 1075
1399 620
1399 1869
1399 1060
1399 1560
1399 266
1399 148
1399 1464
1399 248
1399 1287
1399 1131
1399 884
1399 1058
1399 331
1399 1396
1399 15
1399 24
1399 263
1399 508
1399 161
1399 136
1399 1126
1399 206
1399 8
1399 1395
1399 918
1399 979
1399 707
1399 1742
1399 219
1399 1077
1399 1348
1598 75
1598 1939
1598 865
1598 1652
1598 1884
1598 526
1598 309
1598 308
1598 1317
1598 1038
1598 1932
1598 1205
1598 317
1598 462
1598 277
1598 933
1598 391
1598 1167
1598 603
1598 1631
1598 38
1598 1756
1598 528
1598 1028
1598 476
1598 1341
1598 1020
1598 490
1598 1860
1598 986
1598 754
1598 913
1598 1604
1598 287
1598 609
1598 310
448 75
448 245
448 478
448 1113
448 53
448 687
448 1404
448 8
448 35
448 427
448 122
448 888
448 125
448 995
448 835
448 198
448 829
448 1399
448 1577
448 621
448 255
448 319
448 150
448 1960
448 1205
448 149
448 1678
448 635
448 1208
448 151
448 225
448 1098
448 457
448 1707
448 1426
448 384
448 1498
448 372
448 1916
448 880
448 1247
448 608
448 655
448 1512
448 1714
1163 75
1163 245
1163 1346
1163 509
1163 155
1163 1241
1163 221
1163 653
1163 1483
1163 978
1163 737
1163 1621
1163 1432
1163 1688
1163 304
1163 1034
1163 1983
1163 850
1163 520
1163 1384
1163 1479
1163 1455
1163 170
1163 1669
888 75
888 1322
888 274
888 279
888 1666
888 1062
888 448
888 902
888 1963
888 1845
888 1275
888 427
888 1065
888 1270
888 1563
888 1486
888 13
888 1227
888 784
888 645
888 573
888 347
888 426
888 1120
888 142
888 1212
888 302
888 748
888 319
888 1967
888 1313
888 689
888 1991
888 1587
888 54
888 1058
1288 75
1288 1340
1288 1636
1288 1976
1288 766
1288 783
1288 1555
1288 547
1288 330
1288 1383
1288 983
1288 986
1288 1028
1288 85
1288 1704
1288 40
1288 971
1288 1948
1288 178
1288 1154
1288 1376
1288 69
1288 491
1288 1863
1288 506
1288 1270
1288 703
1288 1974
1288 1033
1288 11
1288 1232
1288 1600
1288 1755
1288 1114
1288 1410
1288 71
1288 380
1288 967
1288 1595
1288 672
1288 546
1288 1993
1288 1579
1288 407
1288 1369
1288 1419
1288 1885
1288 864
420 75
420 1043
420 1200
420 1651
420 878
420 1142
420 1614
420 111
420 130
420 1052
420 1006
420 152
420 60
420 796
420 165
420 357
420 1287
420 643
420 624
420 1396
420 1794
420 410
420 1178
420 809
420 1366
420 1466
420 842
420 190
420 143
420 1719
420 1248
1356 75
1356 1547
1356 1567
1356 1913
1356 66
1356 1927
1356 1668
1356 947
1356 591
1356 1429
1356 1344
1356 1011
1356 1664
1356 1434
1356 241
1356 1203
1356 239
1356 832
1356 697
1356 1314
1356 1627
1356 68
1356 462
1356 1384
1356 946
1356 439
1356 1309
1356 1708
1356 1087
668 75
668 1933
668 1476
668 264
668 398
668 1033
668 717
668 1237
668 129
668 720
668 1971
668 1571
668 1314
668 147
668 1036
668 97
668 918
668 1475
668 1194
668 775
668 460
668 1084
668 234
668 368
668 343
668 1299
668 1293
668 928
668 1520
668 63
668 1421
668 29
668 1440
668 117
668 874
668 519
668 1797
668 990
668 125
668 732
668 703
668 739
668 734
668 1065
668 1128
668 414
668 1602
668 885
668 1453
668 1692
668 675
668 1885
668 1457
1483 75
1483 1164
1483 840
1483 177
1483 1056
1483 929
1483 611
1483 1732
1483 35
1483 254
1483 382
1483 713
1483 875
1483 434
1483 446
1483 303
1483 1573
1483 811
1483 1605
1483 1992
1483 1626
1483 645
1483 578
1483 437
1483 1561
1483 1521
1483 488
1483 1583
1483 1013
1483 1333
1483 476
1483 170
1483 8
1483 467
1483 1340
1483 286
1483 225
1483 1917
1483 523
1483 64
1483 113
1483 36
1483 871
1483 1680
1483 328
1483 205
1483 1502
1483 1520
1483 1215
1483 1184
1483 226
1483 414
1483 1228
1483 1612
1483 1163
1483 719
1483 215
1391 1383
1391 178
1391 576
1391 1921
1391 341
1391 952
1391 312
1391 1367
1391 1184
1391 601
1391 1037
1391 1139
1391 636
1391 597
1391 686
1391 344
1391 1312
1391 899
1391 23
1391 1583
1391 1038
1391 843
1391 1187
1391 1998
1391 105
1391 1378
1391 660
1391 170
1391 1909
1391 1978
1391 59
1391 1375
1391 1714
1383 1391
1383 1283
1383 1487
1383 1399
1383 1419
1383 1473
1383 498
1383 993
1383 1950
1383 1723
1383 401
1383 27
1383 1551
1383 1841
1383 10
1383 19
1383 1394
1383 359
1383 1944
1383 531
1383 1051
1383 996
1383 1288
1383 1388
1383 815
1383 985
1383 1354
1383 1971
1383 1297
1383 201
1383 369
1383 122
1383 125
1383 1863
1383 1368
1383 931
576 1391
576 1767
576 854
576 431
576 1700
576 195
576 676
576 253
576 941
576 51
576 505
576 242
576 1073
576 1273
576 486
576 1392
576 1445
576 1184
576 1912
576 918
576 1923
576 947
576 1771
576 1903
576 1114
576 1196
576 338
576 1790
576 1312
576 402
576 1745
576 465
576 1314
576 528
576 565
576 1577
576 539
576 1641
576 1889
576 822
576 269
576 1625
576 104
341 1391
341 1478
341 81
341 1914
341 1732
341 144
341 1726
341 795
341 575
341 771
341 1242
341 125
341 1679
341 476
341 260
341 12
341 250
341 602
341 1275
341 146
341 859
341 1895
341 1901
341 885
341 648
341 1852
341 1590
341 24
341 982
341 1960
341 1905
341 1817
341 660
341 825
341 1917
341 1925
341 1189
952 1391
952 461
952 1677
952 1404
952 469
952 294
952 1964
952 1162
952 1410
952 282
952 1284
952 410
952 1573
952 1202
952 1154
952 934
952 316
952 1981
952 185
952 1468
952 517
952 685
952 1249
952 1455
952 1470
952 1673
952 10
952 540
952 1320
952 427
952 732
952 278
952 1567
952 1419
312 1391
312 922
312 1616
312 401
312 465
312 1442
312 415
312 1144
312 641
312 168
312 1931
312 1420
312 954
312 1593
312 1005
312 881
312 497
312 1905
312 292
312 12
312 385
312 86
312 918
312 381
312 797
312 1754
312 1614
312 874
312 488
312 276
312 425
312 1660
312 1962
312 1818
312 1071
312 1520
312 1212
312 844
312 190
312 1836
312 634
312 188
312 20
312 489
1367 1391
1367 1878
1367 1907
1367 734
1367 185
1367 172
1367 98
1367 1724
1367 1777
1367 1615
1367 1890
1367 1138
1367 1516
1367 117
1367 935
1367 113
1367 1127
1367 227
1367 274
1367 1065
1367 960
1367 1932
1367 733
1367 151
1367 1221
1184 1391
1184 576
1184 1536
1184 308
1184 1378
1184 1130
1184 19
1184 768
1184 689
1184 1332
1184 186
1184 1657
1184 1591
1184 620
1184 1037
1184 345
1184 1750
1184 166
1184 1496
1184 537
1184 502
1184 1483
1184 981
1184 212
1184 1140
601 1391
601 177
601 1816
601 51
601 851
601 1021
601 1239
601 563
601 1808
601 941
601 17
601 1799
601 1776
601 1781
601 528
601 762
601 1333
601 795
601 621
601 1738
601 833
601 1655
601 1414
601 249
601 1151
601 1143
601 1621
601 1710
601 1996
601 1389
601 597
601 1807
601 1199
601 1327
601 62
601 1326
601 1088
1037 1391
1037 400
1037 78
1037 1676
1037 177
1037 920
1037 1342
1037 1274
1037 1054
1037 1677
1037 1955
1037 124
1037 1561
1037 1788
1037 1887
1037 198
1037 610
1037 8
1037 492
1037 1946
1037 859
1037 92
1037 1669
1037 934
1037 1904
1037 958
1037 9
1037 1411
1037 1478
1037 1728
1037 36
1037 980
1037 748
1037 500
1037 1491
1037 174
1037 515
1037 580
1037 1937
1037 1956
1037 1184
1037 548
1037 1837
1037 1882
1037 1079
1037 1734
1037 46
1037 1709
1139 1391
1139 208
1139 983
1139 175
1139 979
1139 358
1139 1426
1139 1388
1139 691
1139 264
1139 1935
1139 1685
1139 763
1139 1089
1139 1949
1139 821
1139 92
1139 796
1139 550
1139 1569
1139 1776
1139 887
1139 1978
1139 14
1139 1738
1139 327
1139 697
1139 1420
1139 711
1139 1248
636 1391
636 1640
636 176
636 813
636 1439
636 997
636 1299
636 1563
636 227
636 1795
636 1882
636 1612
636 1806
636 257
636 901
636 381
636 1450
636 1963
636 1714
636 274
636 574
636 118
636 1216
636 775
636 302
636 723
636 1267
636 579
636 151
636 1755
636 962
636 853
636 355
636 1470
636 1987
636 1252
636 1161
636 912
636 1794
636 858
636 928
636 1701
636 1879
597 1391
597 153
597 1090
597 1566
597 1899
597 469
597 435
597 1728
597 714
597 1029
597 1438
597 589
597 1488
597 1092
597 1149
597 1993
597 1204
597 7
597 976
597 1682
597 1818
597 601
597 242
597 989
597 1885
597 152
597 825
597 191
597 202
597 1983
597 106
597 1545
597 178
597 30
597 1860
597 1197
597 492
597 1474
686 1391
686 356
686 1044
686 1055
686 528
686 526
686 799
686 532
686 556
686 135
686 1386
686 737
686 1149
686 1545
686 1996
686 284
686 1884
686 871
686 930
686 417
686 6
686 8
686 1324
686 870
686 814
686 248
686 1464
686 1987
686 650
686 1652
686 1315
686 451
686 1212
686 1589
686 1822
1312 1391
1312 381
1312 1845
1312 1721
1312 262
1312 394
1312 1108
1312 667
1312 1084
1312 65
1312 10
1312 83
1312 965
1312 1075
1312 437
1312 1146
1312 576
1312 1765
1312 1871
1312 1678
1312 1249
1312 9
1312 179
1312 1482
1312 1491
1312 378
1312 850
899 1391
899 23
899 1760
899 1867
899 1798
899 1371
899 1055
899 1230
899 1442
899 862
899 210
899 1711
899 619
899 1782
899 892
899 1396
899 770
899 1917
899 205
899 1476
899 755
899 1150
899 231
899 902
899 1382
899 280
899 1560
899 511
899 784
899 1645
899 7
899 752
899 98
899 1802
899 1441
899 1164
899 440
899 71
899 740
899 1513
1583 1391
1583 1676
1583 1594
1583 1652
1583 617
1583 1960
1583 1564
1583 360
1583 1525
1583 911
1583 1271
1583 827
1583 610
1583 849
1583 1762
1583 1198
1583 1868
1583 1398
1583 1093
1583 1746
1583 1094
1583 1429
1583 23
1583 7
1583 6
1583 471
1583 1937
1583 1408
1583 1212
1583 777
1583 1483
1583 1494
1583 192
1583 186
1583 397
1583 834
1583 1464
1583 425
508 316
508 737
508 110
508 997
508 963
508 1642
508 1644
508 455
508 696
508 1795
508 331
508 1154
508 1753
508 1992
508 1952
508 1800
508 1544
508 1227
508 135
508 715
508 153
508 995
508 17
508 919
508 529
508 583
508 180
508 351
508 442
508 172
508 145
508 1375
508 1111
508 1399
508 792
316 508
316 149
316 1912
316 338
316 731
316 1884
316 798
316 795
316 875
316 483
316 11
316 943
316 1097
316 519
316 952
316 1305
316 1007
316 1963
316 997
316 950
316 520
316 430
316 1212
316 125
316 1194
316 1804
316 518
316 830
316 1936
316 913
316 74
316 1795
316 177
316 498
316 1727
316 1643
316 567
316 1516
316 1843
316 1304
316 882
316 1717
316 262
316 1499
737 508
737 1933
737 433
737 1024
737 347
737 51
737 1943
737 910
737 590
737 35
737 1950
737 1321
737 480
737 956
737 1614
737 1953
737 771
737 401
737 360
737 1557
737 1831
737 127
737 1239
737 375
737 121
737 1949
737 139
737 1570
737 1918
737 723
737 1549
737 15
737 818
737 29
737 548
737 208
737 71
737 1479
737 1795
737 21
737 557
737 923
737 1274
737 853
737 686
737 343
737 9
737 702
737 550
737 365
737 503
737 1735
737 1993
737 696
737 1304
737 1927
737 824
737 124
737 12
737 1163
737 1857
737 1372
737 1819
737 681
737 445
737 1214
737 680
737 1474
737 1398
110 508
110 1693
110 1724
110 1106
110 264
110 561
110 138
110 646
110 9
110 953
110 1408
110 1839
110 898
110 1015
110 485
110 1907
110 1178
110 1953
110 895
110 667
110 1228
110 651
110 1070
110 1428
110 839
110 327
110 1082
110 383
110 457
110 410
110 397
110 1641
110 1423
110 69
110 143
110 1539
110 499
997 508
997 768
997 632
997 1203
997 636
997 169
997 766
997 724
997 1867
997 1142
997 211
997 1471
997 1713
997 434
997 261
997 815
997 821
997 1445
997 1221
997 223
997 323
997 1301
997 1702
997 13
997 10
997 303
997 276
997 1320
997 29
997 24
997 242
997 702
997 1676
997 615
997 1271
997 197
997 936
997 678
997 828
997 1797
997 1156
997 1657
997 710
997 994
997 1085
997 316
997 1269
997 630
997 304
997 1849
997 1584
997 173
997 1792
997 742
997 1737
997 604
997 1084
997 463
963 508
963 1056
963 166
963 909
963 409
963 1538
963 816
963 1315
963 756
963 1054
963 1050
963 366
963 1202
963 806
963 256
963 465
963 491
963 1231
963 115
963 120
963 645
963 1065
963 810
963 1833
963 128
963 31
963 659
963 27
963 575
963 1678
963 558
963 571
963 1813
963 1153
963 635
963 274
963 1657
963 1604
963 230
963 994
963 1212
963 1450
963 1172
963 716
963 387
963 1294
963 410
963 1942
963 1204
963 1459
963 160
963 285
963 676
963 55
963 1520
963 1532
963 490
963 1349
963 1664
963 1617
963 552
963 1812
963 123
963 1247
963 288
963 1722
963 212
963 269
963 1148
963 531
963 932
963 405
963 395
1642 508
1642 918