0 0 2
1 0 1
2 0 0
3 0 0
4 0 3
5 0 1
6 0 4
6 1 0
6 2 4
6 3 4
6 4 0
6 5 3
6 6 0
6 7 1
6 8 2
6 9 5
6 10 0
6 11 4
6 12 3
6 13 3
6 14 4
6 15 5
6 16 1
6 17 3
6 18 1
6 19 1
6 20 3
6 21 0
6 22 3
6 23 2
6 24 0
6 25 2
6 26 2
6 27 0
6 28 4
6 29 2
6 30 0
6 31 1
6 32 5
6 33 3
6 34 1
6 35 3
6 36 1
6 37 5
6 38 3
6 39 1
6 40 2
6 41 1
6 42 3
6 43 3
6 44 0
6 45 4
6 46 3
6 47 2
6 48 5
6 49 3
6 50 1
6 51 4
6 52 4
6 53 3
6 54 1
6 55 0
6 56 5
6 57 0
6 58 5
6 59 4
6 60 5
6 61 0
6 62 1
6 63 3
6 64 4
6 65 1
6 66 2
6 67 1
6 68 4
6 69 0
6 70 0
6 71 3
6 72 5
6 73 0
6 74 3
6 75 1
6 76 2
6 77 2
6 78 2
6 79 5
6 80 4
6 81 2
6 82 1
6 83 3
6 84 5
6 85 2
6 86 1
6 87 0
6 88 4
6 89 2
6 90 3
6 91 2
6 92 3
6 93 4
6 94 4
6 95 0
6 96 2
6 97 1
6 98 3
6 99 5
6 100 0
6 101 2
6 102 1
6 103 2
6 104 3
6 105 4
6 106 3
6 107 3
6 108 4
6 109 4
6 110 3
6 111 5
6 112 2
6 113 1
6 114 5
6 115 2
6 116 5
6 117 4
6 118 1
6 119 4
6 120 4
6 121 1
6 122 2
6 123 3
6 124 0
6 125 4
6 126 0
6 127 1
6 128 0
6 129 2
6 130 3
6 131 4
6 132 4
6 133 0
6 134 3
6 135 3
6 136 5
6 137 0
6 138 1
6 139 4
6 140 5
6 141 1
6 142 3
6 143 0
6 144 0
6 145 4
6 146 4
6 147 4
6 148 1
6 149 3
6 150 3
6 151 0
6 152 1
6 153 2
6 154 3
6 155 0
6 156 0
6 157 1
6 158 5
6 159 0
6 160 3
6 161 1
6 162 3
6 163 2
6 164 4
6 165 1
6 166 1
6 167 4
6 168 4
6 169 1
6 170 1
6 171 3
6 172 0
6 173 0
6 174 0
6 175 5
6 176 2
6 177 5
6 178 5
6 179 4
6 180 4
6 181 1
6 182 0
6 183 4
6 184 3
6 185 3
6 186 2
6 187 5
6 188 5
6 189 4
6 190 1
6 191 3
6 192 3
6 193 1
6 194 5
6 195 5
6 196 2
6 197 1
6 198 0
6 199 4
6 200 1
6 201 2
6 202 5
6 203 5
6 204 1
6 205 3
6 206 5
6 207 0
6 208 1
6 209 0
6 210 3
6 211 0
6 212 5
6 213 2
6 214 5
6 215 4
6 216 0
6 217 3
6 218 3
6 219 1
6 220 5
6 221 5
6 222 5
6 223 5
6 224 4
6 225 1
6 226 0
6 227 3
6 228 3
6 229 1
6 230 3
6 231 1
6 232 4
6 233 5
6 234 4
6 235 4
6 236 5
6 237 1
6 238 0
6 239 2
6 240 2
6 241 5
6 242 5
6 243 4
6 244 4
6 245 3
6 246 4
6 247 4
6 248 0
6 249 1
6 250 4
6 251 3
6 252 0
6 253 3
6 254 3
6 255 1
6 256 5
6 257 5
6 258 0
6 259 3
6 260 1
6 261 5
6 262 3
6 263 0
6 264 5
6 265 4
6 266 0
6 267 3
6 268 1
6 269 0
6 270 3
6 271 0
6 272 2
6 273 5
6 274 1
6 275 4
6 276 3
6 277 3
6 278 5
6 279 0
6 280 1
6 281 3
6 282 4
6 283 2
6 284 2
6 285 1
6 286 1
6 287 1
6 288 1
6 289 4
6 290 4
6 291 2
6 292 4
6 293 4
6 294 5
6 295 4
6 296 5
6 297 1
6 298 1
6 299 4
6 300 4
6 301 1
6 302 0
6 303 5
6 304 2
6 305 4
6 306 3
6 307 3
6 308 2
6 309 2
6 310 4
6 311 4
6 312 5
6 313 3
6 314 4
6 315 4
6 316 0
6 317 5
6 318 1
6 319 3
6 320 0
6 321 1
6 322 4
6 323 0
6 324 5
6 325 0
6 326 4
6 327 2
6 328 2
6 329 5
6 330 0
6 331 2
6 332 5
6 333 5
6 334 0
6 335 4
6 336 3
6 337 0
6 338 1
6 339 2
6 340 0
6 341 5
6 342 2
6 343 3
6 344 5
6 345 4
6 346 3
6 347 5
6 348 4
6 349 1
6 350 3
6 351 5
6 352 5
6 353 2
6 354 3
6 355 0
6 356 1
6 357 2
6 358 4
6 359 1
6 360 1
6 361 0
6 362 1
6 363 0
6 364 0
6 365 4
6 366 3
6 367 3
6 368 1
6 369 0
6 370 2
6 371 2
6 372 0
6 373 5
6 374 0
6 375 3
6 376 1
6 377 1
6 378 3
6 379 3
6 380 2
6 381 1
6 382 2
6 383 0
6 384 0
6 385 0
6 386 5
6 387 2
6 388 2
6 389 5
6 390 4
6 391 3
6 392 4
6 393 4
6 394 5
6 395 3
6 396 1
6 397 0
6 398 2
6 399 4
6 400 1
6 401 2
6 402 3
6 403 3
6 404 5
6 405 4
6 406 5
6 407 4
6 408 5
6 409 1
6 410 2
6 411 2
6 412 4
6 413 4
6 414 5
6 415 1
6 416 2
6 417 5
6 418 4
6 419 0
6 420 4
6 421 0
6 422 5
6 423 2
6 424 2
6 425 5
6 426 0
6 427 1
6 428 2
6 429 5
6 430 0
6 431 3
6 432 2
6 433 1
6 434 1
6 435 4
6 436 1
6 437 5
6 438 0
6 439 2
6 440 5
6 441 2
6 442 1
6 443 4
6 444 4
6 445 5
6 446 0
6 447 4
6 448 1
6 449 2
6 450 2
6 451 5
6 452 3
6 453 5
6 454 0
6 455 3
6 456 1
6 457 2
6 458 4
6 459 1
6 460 4
6 461 1
6 462 0
6 463 0
6 464 0
6 465 1
6 466 2
6 467 2
6 468 1
6 469 3
6 470 0
6 471 1
6 472 0
6 473 1
6 474 2
6 475 1
6 476 1
6 477 5
6 478 5
6 479 3
6 480 3
6 481 0
6 482 5
6 483 2
6 484 0
6 485 5
6 486 1
6 487 0
6 488 5
6 489 0
6 490 0
6 491 0
6 492 2
6 493 1
6 494 2
6 495 3
6 496 2
6 497 0
6 498 5
6 499 3
6 500 3
6 501 2
6 502 2
6 503 5
6 504 0
6 505 0
6 506 2
6 507 1
6 508 4
6 509 5
6 510 0
6 511 4
6 512 0
6 513 5
6 514 5
6 515 4
6 516 3
6 517 2
6 518 1
6 519 5
6 520 2
6 521 4
6 522 1
6 523 1
6 524 5
6 525 0
6 526 2
6 527 0
6 528 3
6 529 1
6 530 0
6 531 2
6 532 4
6 533 1
6 534 5
6 535 1
6 536 0
6 537 3
6 538 0
6 539 5
6 540 4
6 541 0
6 542 5
6 543 0
6 544 1
6 545 3
6 546 0
6 547 1
6 548 4
6 549 2
6 550 1
6 551 1
6 552 4
6 553 0
6 554 3
6 555 1
6 556 3
6 557 0
6 558 0
6 559 3
6 560 3
6 561 2
6 562 1
6 563 2
6 564 1
6 565 5
6 566 2
6 567 3
6 568 5
6 569 4
6 570 1
6 571 1
6 572 0
6 573 1
6 574 0
6 575 5
6 576 5
6 577 1
6 578 0
6 579 3
6 580 2
6 581 3
6 582 0
6 583 4
6 584 0
6 585 2
6 586 4
6 587 0
6 588 5
6 589 5
6 590 0
6 591 2
6 592 0
6 593 5
6 594 0
6 595 2
6 596 3
6 597 0
6 598 2
6 599 1
6 600 3
6 601 0
6 602 5
6 603 3
6 604 0
6 605 2
6 606 0
6 607 1
6 608 2
6 609 5
6 610 5
6 611 3
6 612 3
6 613 4
6 614 1
6 615 2
6 616 3
6 617 1
6 618 5
6 619 1
6 620 1
6 621 5
6 622 2
6 623 4
6 624 4
6 625 5
6 626 2
6 627 1
6 628 4
6 629 3
6 630 5
6 631 5
6 632 0
6 633 4
6 634 3
6 635 1
6 636 4
6 637 1
6 638 5
6 639 4
6 640 4
6 641 5
6 642 2
6 643 5
6 644 4
6 645 2
6 646 0
6 647 1
6 648 5
6 649 0
6 650 2
6 651 2
6 652 1
6 653 1
6 654 5
6 655 4
6 656 4
6 657 5
6 658 2
6 659 0
6 660 0
6 661 3
6 662 1
6 663 5
6 664 2
6 665 1
6 666 0
6 667 2
6 668 4
6 669 1
6 670 3
6 671 3
6 672 3
6 673 3
6 674 5
6 675 5
6 676 1
6 677 4
6 678 5
6 679 4
6 680 1
6 681 3
6 682 0
6 683 0
6 684 3
6 685 3
6 686 1
6 687 2
6 688 5
6 689 0
6 690 4
6 691 5
6 692 2
6 693 1
6 694 0
6 695 2
6 696 0
6 697 1
6 698 4
6 699 4
6 700 1
6 701 4
6 702 3
6 703 4
6 704 0
6 705 0
6 706 0
6 707 5
6 708 5
6 709 3
6 710 5
6 711 1
6 712 1
6 713 2
6 714 1
6 715 1
6 716 5
6 717 4
6 718 2
6 719 3
6 720 3
6 721 3
6 722 5
6 723 2
6 724 0
6 725 4
6 726 2
6 727 2
6 728 0
6 729 0
6 730 1
6 731 3
6 732 2
6 733 2
6 734 2
6 735 2
6 736 0
6 737 2
6 738 0
6 739 5
6 740 5
6 741 4
6 742 1
6 743 2
6 744 3
6 745 0
6 746 0
6 747 2
6 748 2
6 749 3
6 750 5
6 751 1
6 752 2
6 753 3
6 754 5
6 755 3
6 756 0
6 757 1
6 758 5
6 759 0
6 760 0
6 761 3
6 762 0
6 763 0
6 764 2
6 765 0
6 766 1
6 767 1
6 768 0
6 769 4
6 770 0
6 771 3
6 772 0
6 773 2
6 774 2
6 775 0
6 776 2
6 777 0
6 778 1
6 779 3
6 780 0
6 781 0
6 782 5
6 783 0
6 784 0
6 785 3
6 786 3
6 787 4
6 788 5
6 789 0
6 790 5
6 791 0
6 792 0
6 793 0
6 794 3
6 795 2
6 796 2
6 797 3
6 798 4
6 799 5
6 800 0
6 801 3
6 802 2
6 803 2
6 804 3
6 805 4
6 806 0
6 807 3
6 808 0
6 809 4
6 810 4
6 811 1
6 813 1
6 814 0
6 815 5
6 816 0
6 817 2
6 818 5
6 819 1
6 820 1
6 821 4
6 822 4
6 823 3
6 824 5
6 825 5
6 826 1
6 827 1
6 828 0
6 829 4
6 830 3
6 831 2
6 832 3
6 833 3
6 834 3
6 835 5
6 836 0
6 837 1
6 838 2
6 839 2
6 840 5
6 841 3
6 842 4
6 843 0
6 844 2
6 845 0
6 846 2
6 847 2
6 848 5
6 849 4
6 850 0
6 851 1
6 852 2
6 853 4
6 854 2
6 855 2
6 856 4
6 857 1
6 858 0
6 859 0
6 860 3
6 861 4
6 862 0
6 863 5
6 864 0
6 865 4
6 866 0
6 867 4
6 868 0
6 869 3
6 870 1
6 871 0
6 872 1
6 873 2
6 874 2
6 875 3
6 876 5
6 878 4
6 879 2
6 880 4
6 881 5
6 882 3
6 883 5
6 884 0
6 885 0
6 886 4
6 887 3
6 888 2
6 889 4
6 890 2
6 891 3
6 892 2
6 893 1
6 894 5
6 895 5
6 896 0
6 897 1
6 898 3
6 899 1
6 900 0
6 901 4
6 902 1
6 903 1
6 904 3
6 905 0
6 906 5
6 907 2
6 908 4
6 909 4
6 910 4
6 911 1
6 912 3
6 913 4
6 914 3
6 915 3
6 916 4
6 917 0
6 918 4
6 919 5
6 920 0
6 921 5
6 922 5
6 923 1
6 924 0
6 925 5
6 926 5
6 927 0
6 928 1
6 929 3
6 930 3
6 931 4
6 932 4
6 933 0
6 934 5
6 935 3
6 936 1
6 937 3
6 938 2
6 939 2
6 940 5
6 941 3
6 942 2
6 943 5
6 944 5
6 945 3
6 946 4
6 947 3
6 948 3
6 949 4
6 950 4
6 951 1
6 952 0
6 953 0
6 954 4
6 955 5
6 956 5
6 957 5
6 958 4
6 959 0
6 960 3
6 961 0
6 962 5
6 963 4
6 964 3
6 965 5
6 966 3
6 967 1
6 968 5
6 969 3
6 970 0
6 971 3
6 972 1
6 973 4
6 974 5
6 975 1
6 976 3
6 977 0
6 978 2
6 979 2
6 980 5
6 981 3
6 982 5
6 983 3
6 984 2
6 985 1
6 986 4
6 987 2
6 988 4
6 989 0
6 990 5
6 991 5
6 992 5
6 993 1
6 994 3
6 995 2
6 996 5
6 997 4
6 998 4
6 999 5
6 1000 0
6 1001 3
6 1002 5
6 1003 0
6 1004 2
6 1005 2
6 1006 5
6 1007 4
6 1008 0
6 1009 3
6 1010 5
6 1011 1
6 1012 0
6 1013 4
6 1014 0
6 1015 3
6 1016 0
6 1017 5
6 1018 4
6 1019 5
6 1020 5
6 1021 2
6 1022 3
6 1023 0
6 1024 2
6 1025 4
6 1026 2
6 1027 4
6 1028 5
6 1029 5
6 1030 0
6 1031 3
6 1032 0
6 1033 3
6 1034 1
6 1035 0
6 1036 2
6 1037 0
6 1038 4
6 1039 0
6 1040 2
6 1041 2
6 1042 2
6 1043 5
6 1044 2
6 1045 1
6 1046 3
6 1047 2
6 1048 4
6 1049 1
6 1050 2
6 1051 5
6 1052 5
6 1054 3
6 1055 0
6 1056 5
6 1057 0
6 1058 3
6 1059 4
6 1060 5
6 1061 2
6 1062 3
6 1063 3
6 1064 4
6 1065 2
6 1066 2
6 1067 5
6 1069 2
6 1070 1
6 1071 1
6 1072 4
6 1073 0
6 1074 5
6 1075 2
6 1076 2
6 1077 5
6 1078 4
6 1079 4
6 1080 2
6 1081 1
6 1082 0
6 1083 3
6 1084 3
6 1086 3
6 1087 0
6 1088 3
6 1089 4
6 1090 2
6 1092 4
6 1093 1
6 1094 4
6 1095 0
6 1096 0
6 1097 1
6 1098 0
6 1099 1
6 1100 1
6 1101 1
6 1102 5
6 1103 3
6 1104 2
6 1105 5
6 1106 3
6 1107 2
6 1108 0
6 1109 1
6 1110 4
6 1111 2
6 1112 2
6 1113 5
6 1114 2
6 1115 5
6 1116 0
6 1117 4
6 1118 0
6 1119 4
6 1120 5
6 1121 3
6 1122 0
6 1123 1
6 1124 5
6 1126 0
6 1127 2
6 1128 3
6 1129 5
6 1130 2
6 1131 0
6 1132 1
6 1133 1
6 1134 2
6 1135 0
6 1136 3
6 1137 2
6 1138 1
6 1139 5
6 1140 2
6 1141 0
6 1142 3
6 1143 1
6 1144 1
6 1145 3
6 1146 2
6 1147 3
6 1148 4
6 1149 3
6 1150 4
6 1151 0
6 1152 5
6 1153 1
6 1154 1
6 1155 4
6 1156 4
6 1157 1
6 1158 2
6 1159 5
6 1160 3
6 1161 3
6 1162 1
6 1163 1
6 1164 3
6 1165 4
6 1166 1
6 1167 4
6 1168 5
6 1169 3
6 1170 5
6 1171 1
6 1172 2
6 1173 5
6 1174 5
6 1175 1
6 1176 2
6 1177 4
6 1178 5
6 1179 5
6 1180 1
6 1181 1
6 1182 1
6 1183 5
6 1184 1
6 1185 4
6 1186 2
6 1187 5
6 1188 3
6 1189 4
6 1190 0
6 1191 3
6 1192 1
6 1193 3
6 1194 4
6 1195 3
6 1196 2
6 1197 4
6 1198 3
6 1199 5
6 1200 2
6 1201 5
6 1202 5
6 1203 5
6 1204 5
6 1205 5
6 1206 0
6 1207 5
6 1208 3
6 1209 2
6 1210 5
6 1211 1
6 1212 5
6 1213 3
6 1214 4
6 1215 1
6 1216 3
6 1217 2
6 1219 5
6 1220 5
6 1221 0
6 1222 1
6 1223 3
6 1224 2
6 1225 3
6 1226 1
6 1227 0
6 1228 4
6 1229 1
6 1230 3
6 1231 3
6 1232 4
6 1233 0
6 1234 3
6 1235 4
6 1236 2
6 1237 1
6 1238 0
6 1239 4
6 1240 4
6 1241 0
6 1242 4
6 1243 0
6 1244 0
6 1245 4
6 1246 4
6 1247 0
6 1248 2
6 1249 5
6 1250 4
6 1251 1
6 1252 0
6 1253 1
6 1254 0
6 1255 2
6 1256 3
6 1257 5
6 1258 1
6 1259 3
6 1260 4
6 1261 5
6 1262 0
6 1263 5
6 1264 2
6 1265 2
6 1266 3
6 1267 3
6 1268 4
6 1269 4
6 1270 1
6 1271 1
6 1272 2
6 1273 0
6 1274 4
6 1275 4
6 1276 0
6 1277 1
6 1278 3
6 1279 3
6 1280 3
6 1281 3
6 1282 5
6 1283 3
6 1285 4
6 1286 3
6 1287 2
6 1288 4
6 1289 5
6 1290 0
6 1291 3
6 1292 3
6 1293 2
6 1294 1
6 1295 2
6 1296 2
6 1297 4
6 1298 0
6 1299 4
6 1300 4
6 1301 1
6 1302 4
6 1303 3
6 1304 5
6 1305 2
6 1306 1
6 1307 4
6 1308 0
6 1309 4
6 1310 2
6 1311 2
6 1312 5
6 1313 5
6 1314 4
6 1315 2
6 1316 5
6 1317 2
6 1318 0
6 1319 3
6 1320 5
6 1321 0
6 1322 1
6 1323 5
6 1324 0
6 1325 5
6 1326 0
6 1327 3
6 1329 3
6 1330 0
6 1331 4
6 1332 3
6 1333 0
6 1334 2
6 1335 3
6 1336 5
6 1337 2
6 1338 3
6 1339 3
6 1340 1
6 1341 0
6 1342 0
6 1343 1
6 1344 2
6 1345 2
6 1346 2
6 1347 4
6 1348 3
6 1349 5
6 1350 2
6 1351 4
6 1352 2
6 1353 5
6 1354 5
6 1355 4
6 1356 4
6 1357 4
6 1358 2
6 1359 0
6 1360 2
6 1361 5
6 1363 3
6 1364 4
6 1365 3
6 1366 3
6 1367 0
6 1368 3
6 1369 3
6 1371 1
6 1372 2
6 1373 5
6 1374 4
6 1375 2
6 1376 3
6 1377 5
6 1378 4
6 1379 4
6 1380 4
6 1381 2
6 1382 3
6 1383 3
6 1384 4
6 1385 5
6 1386 3
6 1387 0
6 1388 4
6 1389 5
6 1390 1
6 1391 0
6 1392 1
6 1394 1
6 1395 5
6 1396 0
6 1397 0
6 1398 1
6 1399 0
6 1400 2
6 1401 4
6 1402 4
6 1403 2
6 1404 2
6 1405 1
6 1406 3
6 1407 4
6 1408 1
6 1409 0
6 1410 1
6 1411 4
6 1412 1
6 1413 0
6 1414 4
6 1415 0
6 1416 2
6 1417 1
6 1418 5
6 1419 1
6 1420 1
6 1421 0
6 1422 5
6 1423 1
6 1424 0
6 1425 0
6 1426 4
6 1427 2
6 1428 4
6 1429 5
6 1430 5
6 1431 1
6 1432 2
6 1433 4
6 1434 0
6 1435 2
6 1436 4
6 1437 0
6 1438 2
6 1439 3
6 1440 2
6 1441 4
6 1442 5
6 1443 4
6 1444 2
6 1445 3
6 1446 4
6 1447 4
6 1448 4
6 1449 3
6 1450 5
6 1451 4
6 1452 3
6 1453 2
6 1454 3
6 1455 0
6 1456 2
6 1457 2
6 1458 3
6 1459 5
6 1460 5
6 1461 5
6 1462 5
6 1463 4
6 1464 1
6 1465 1
6 1466 1
6 1467 5
6 1468 4
6 1469 4
6 1470 4
6 1471 4
6 1472 5
6 1473 2
6 1474 3
6 1475 1
6 1476 2
6 1477 3
6 1478 3
6 1479 4
6 1480 1
6 1481 3
6 1482 0
6 1483 3
6 1484 0
6 1485 3
6 1486 5
6 1487 1
6 1488 3
6 1489 5
6 1490 1
6 1491 2
6 1492 4
6 1493 0
6 1494 2
6 1495 0
6 1496 4
6 1497 3
6 1498 3
6 1499 2
6 1500 1
6 1501 1
6 1502 1
6 1503 2
6 1504 4
6 1505 4
6 1506 3
6 1507 5
6 1508 1
6 1509 2
6 1510 2
6 1511 5
6 1512 2
6 1513 0
6 1514 3
6 1515 5
6 1516 1
6 1517 4
6 1518 1
6 1519 2
6 1520 0
6 1521 5
6 1522 5
6 1523 0
6 1524 2
6 1525 0
6 1526 3
6 1527 5
6 1528 1
6 1529 5
6 1530 0
6 1531 0
6 1532 1
6 1533 5
6 1534 5
6 1535 5
6 1536 2
6 1537 0
6 1538 3
6 1539 1
6 1540 0
6 1541 0
6 1542 1
6 1543 2
6 1544 0
6 1545 4
6 1546 0
6 1547 1
6 1548 0
6 1549 4
6 1550 3
6 1551 4
6 1552 1
6 1553 2
6 1554 0
6 1555 2
6 1556 1
6 1557 1
6 1558 2
6 1559 5
6 1560 3
6 1561 4
6 1563 1
6 1564 5
6 1565 0
6 1566 0
6 1567 1
6 1568 4
6 1569 3
6 1570 5
6 1571 1
6 1572 1
6 1573 4
6 1574 3
6 1576 4
6 1578 5
6 1579 1
6 1580 4
6 1581 4
6 1582 0
6 1583 2
6 1584 5
6 1585 4
6 1586 2
6 1587 4
6 1589 5
6 1590 4
6 1591 4
6 1592 0
6 1593 0
6 1594 0
6 1595 3
6 1596 0
6 1597 2
6 1598 5
6 1599 2
6 1600 4
6 1601 1
6 1602 5
6 1603 0
6 1604 4
6 1605 1
6 1606 3
6 1607 1
6 1608 0
6 1609 5
6 1610 5
6 1612 5
6 1613 4
6 1614 5
6 1615 1
6 1616 0
6 1617 1
6 1618 5
6 1619 2
6 1620 4
6 1621 5
6 1622 4
6 1623 5
6 1624 3
6 1625 4
6 1626 5
6 1627 1
6 1628 2
6 1629 5
6 1630 2
6 1631 1
6 1632 2
6 1633 2
6 1634 1
6 1635 2
6 1636 5
6 1637 4
6 1638 3
6 1639 3
6 1640 0
6 1641 3
6 1642 5
6 1643 4
6 1644 0
6 1646 0
6 1647 2
6 1648 1
6 1650 1
6 1651 2
6 1652 4
6 1653 3
6 1654 1
6 1655 5
6 1656 2
6 1657 2
6 1658 5
6 1659 0
6 1660 5
6 1661 3
6 1662 3
6 1663 1
6 1664 1
6 1665 4
6 1666 4
6 1667 5
6 1668 1
6 1669 3
6 1670 2
6 1671 3
6 1672 1
6 1673 3
6 1674 5
6 1675 1
6 1676 0
6 1677 3
6 1678 4
6 1679 2
6 1680 4
6 1681 3
6 1682 2
6 1683 0
6 1684 2
6 1685 3
6 1686 1
6 1687 3
6 1688 5
6 1689 3
6 1690 3
6 1691 3
6 1692 3
6 1693 0
6 1694 3
6 1695 3
6 1696 1
6 1697 1
6 1698 1
6 1699 5
6 1700 2
6 1701 2
6 1702 0
6 1703 3
6 1704 1
6 1705 5
6 1706 0
6 1707 2
6 1708 1
6 1710 4
6 1711 4
6 1712 1
6 1713 2
6 1714 4
6 1715 0
6 1716 4
6 1717 3
6 1718 2
6 1719 0
6 1720 5
6 1722 0
6 1723 0
6 1724 2
6 1725 3
6 1726 1
6 1727 5
6 1728 0
6 1729 1
6 1731 2
6 1732 5
6 1733 0
6 1734 2
6 1735 4
6 1736 2
6 1737 1
6 1738 3
6 1739 3
6 1740 3
6 1741 1
6 1742 3
6 1743 3
6 1744 2
6 1745 5
6 1746 3
6 1747 5
6 1748 3
6 1749 2
6 1750 4
6 1751 0
6 1752 4
6 1753 5
6 1754 4
6 1755 3
6 1756 0
6 1757 3
6 1758 2
6 1759 4
6 1760 4
6 1761 5
6 1762 1
6 1763 4
6 1764 3
6 1765 0
6 1766 2
6 1767 4
6 1768 4
6 1769 2
6 1770 5
6 1771 2
6 1772 1
6 1773 0
6 1774 2
6 1775 5
6 1776 5
6 1777 1
6 1778 1
6 1779 2
6 1780 2
6 1781 0
6 1782 1
6 1783 0
6 1784 3
6 1785 4
6 1786 5
6 1787 4
6 1788 1
6 1789 3
6 1790 5
6 1791 1
6 1792 0
6 1793 2
6 1794 3
6 1795 0
6 1796 1
6 1797 1
6 1798 1
6 1800 3
6 1801 2
6 1802 3
6 1803 3
6 1804 0
6 1805 2
6 1806 2
6 1807 3
6 1808 2
6 1810 3
6 1811 1
6 1812 1
6 1813 1
6 1814 0
6 1815 4
6 1816 2
6 1817 4
6 1818 0
6 1819 4
6 1820 3
6 1821 0
6 1822 5
6 1823 1
6 1824 5
6 1825 1
6 1826 4
6 1827 0
6 1828 4
6 1830 5
6 1831 1
6 1832 1
6 1833 1
6 1834 0
6 1835 4
6 1836 5
6 1837 5
6 1838 2
6 1839 5
6 1840 2
6 1841 4
6 1842 0
6 1843 3
6 1844 3
6 1845 5
6 1846 4
6 1847 5
6 1848 1
6 1849 2
6 1851 2
6 1852 3
6 1853 5
6 1854 5
6 1855 4
6 1856 4
6 1857 0
6 1858 1
6 1859 4
6 1860 5
6 1861 2
6 1862 4
6 1863 3
6 1864 4
6 1865 3
6 1867 5
6 1868 3
6 1869 0
6 1870 3
6 1871 4
6 1872 0
6 1873 5
6 1874 3
6 1876 1
6 1877 4
6 1878 2
6 1880 1
6 1881 5
6 1882 1
6 1884 2
6 1885 0
6 1886 0
6 1887 2
6 1888 5
6 1889 4
6 1890 2
6 1891 3
6 1892 1
6 1893 0
6 1894 3
6 1895 5
6 1896 3
6 1898 3
6 1899 4
6 1900 4
6 1901 4
6 1902 5
6 1903 2
6 1904 3
6 1905 3
6 1906 4
6 1907 4
6 1908 0
6 1909 3
6 1910 4
6 1911 2
6 1912 4
6 1913 2
6 1914 5
6 1915 4
6 1916 2
6 1917 0
6 1918 5
6 1919 2
6 1920 1
6 1921 0
6 1922 4
6 1923 5
6 1924 4
6 1925 5
6 1926 1
6 1928 2
6 1929 0
6 1930 5
6 1931 5
6 1932 4
6 1933 3
6 1934 2
6 1936 1
6 1937 3
6 1938 2
6 1939 3
6 1940 0
6 1941 5
6 1942 2
6 1943 1
6 1944 3
6 1945 2
6 1946 1
6 1947 5
6 1948 4
6 1949 2
6 1950 1
6 1951 1
6 1952 3
6 1953 4
6 1954 0
6 1955 3
6 1956 2
6 1957 1
6 1958 2
6 1959 5
6 1961 5
6 1962 5
6 1963 2
6 1964 3
6 1965 0
6 1966 5
6 1967 4
6 1968 4
6 1969 1
6 1970 2
6 1971 5
6 1972 5
6 1973 4
6 1974 5
6 1975 5
6 1976 5
6 1977 0
6 1978 2
6 1979 2
6 1980 4
6 1981 3
6 1982 2
6 1984 2
6 1985 4
6 1986 5
6 1987 0
6 1988 0
6 1989 2
6 1990 0
6 1991 0
6 1992 1
6 1993 2
6 1994 0
6 1995 1
6 1997 3
6 1998 2
6 1999 1
6 2000 2
6 2001 1
6 2003 4
6 2004 3
6 2005 3
6 2006 5
6 2007 0
6 2008 3
6 2009 3
6 2010 0
6 2011 2
6 2012 2
6 2013 0
6 2014 2
6 2015 1
6 2016 0
6 2017 4
6 2018 4
6 2019 4
6 2020 5
6 2021 0
6 2022 2
6 2023 0
6 2024 3
6 2025 0
6 2026 3
6 2027 1
6 2028 2
6 2029 2
6 2030 2
6 2031 3
6 2032 4
6 2033 5
6 2034 5
6 2035 3
6 2036 0
6 2037 0
6 2038 0
6 2039 0
6 2040 0
6 2041 5
6 2042 3
6 2043 3
6 2044 4
6 2045 0
6 2046 1
6 2047 3
6 2048 4
6 2049 4
6 2050 3
6 2051 1
6 2052 3
6 2054 3
6 2055 0
6 2056 3
6 2057 1
6 2058 3
6 2059 4
6 2060 1
6 2061 3
6 2062 5
6 2063 2
6 2064 3
6 2065 5
6 2066 3
6 2067 2
6 2069 4
6 2070 5
6 2071 4
6 2072 1
6 2073 1
6 2074 5
6 2075 5
6 2076 0
6 2077 5
6 2078 1
6 2079 2
6 2080 0
6 2081 2
6 2083 1
6 2084 3
6 2085 2
6 2086 1
6 2087 4
6 2088 3
6 2089 0
6 2090 5
6 2091 5
6 2092 4
6 2093 0
6 2094 2
6 2095 4
6 2096 1
6 2097 2
6 2098 0
6 2099 3
6 2100 5
6 2101 1
6 2102 5
6 2103 1
6 2104 2
6 2105 2
6 2106 5
6 2107 2
6 2108 2
6 2109 2
6 2110 0
6 2111 2
6 2112 3
6 2114 5
6 2115 4
6 2116 4
6 2117 5
6 2118 1
6 2119 3
6 2120 4
6 2121 2
6 2122 3
6 2123 5
6 2124 2
6 2125 2
6 2126 0
6 2127 5
6 2128 5
6 2129 0
6 2130 0
6 2131 0
6 2132 3
6 2133 2
6 2134 2
6 2135 3
6 2136 4
6 2137 3
6 2138 0
6 2139 3
6 2140 1
6 2141 1
6 2142 0
6 2143 0
6 2144 0
6 2146 2
6 2147 1
6 2148 3
6 2149 1
6 2150 3
6 2151 4
6 2152 4
6 2153 0
6 2154 2
6 2155 3
6 2156 5
6 2157 2
6 2158 1
6 2159 0
6 2160 1
6 2162 3
6 2163 4
6 2164 3
6 2165 3
6 2166 4
6 2167 0
6 2168 5
6 2169 2
6 2170 1
6 2171 1
6 2172 3
6 2173 4
6 2174 4
6 2175 4
6 2176 2
6 2177 3
6 2178 5
6 2179 3
6 2180 5
6 2181 2
6 2182 2
6 2183 3
6 2184 2
6 2185 2
6 2186 3
6 2187 5
6 2188 3
6 2189 4
6 2190 0
6 2191 0
6 2192 2
6 2193 3
6 2194 2
6 2195 5
6 2196 3
6 2197 2
6 2198 4
6 2199 3
6 2200 3
6 2201 4
6 2202 0
6 2203 1
6 2204 5
6 2205 1
6 2206 2
6 2207 0
6 2208 5
6 2209 5
6 2210 2
6 2211 1
6 2212 2
6 2213 5
6 2214 3
6 2215 4
6 2216 1
6 2217 2
6 2219 5
6 2220 0
6 2221 3
6 2222 3
6 2223 4
6 2224 4
6 2225 4
6 2227 3
6 2228 1
6 2229 3
6 2230 3
6 2231 2
6 2232 1
6 2233 4
6 2234 2
6 2235 1
6 2236 4
6 2237 5
6 2238 0
6 2239 2
6 2240 4
6 2241 3
6 2242 2
6 2243 0
6 2244 3
6 2245 2
6 2246 0
6 2247 2
6 2248 1
6 2249 0
6 2250 3
6 2251 5
6 2252 0
6 2254 2
6 2255 0
6 2257 5
6 2258 2
6 2259 2
6 2260 0
6 2261 1
6 2262 4
6 2263 2
6 2264 4
6 2265 2
6 2266 3
6 2267 0
6 2268 0
6 2269 3
6 2270 0
6 2271 3
6 2272 3
6 2273 2
6 2274 3
6 2275 5
6 2276 1
6 2277 5
6 2278 3
6 2279 4
6 2280 2
6 2281 5
6 2282 4
6 2283 4
6 2284 2
6 2285 3
6 2286 5
6 2287 2
6 2288 4
6 2289 1
6 2290 4
6 2291 4
6 2293 5
6 2294 0
6 2295 4
6 2296 1
6 2297 2
6 2298 5
6 2299 3
6 2300 4
6 2301 0
6 2302 1
6 2303 1
6 2304 0
6 2305 3
6 2306 4
6 2307 2
6 2308 2
6 2309 5
6 2310 5
6 2312 2
6 2313 2
6 2314 3
6 2315 0
6 2316 4
6 2317 0
6 2318 1
6 2319 0
6 2320 4
6 2321 0
6 2323 3
6 2324 0
6 2325 4
6 2326 4
6 2327 2
6 2328 4
6 2329 2
6 2330 0
6 2331 4
6 2332 1
6 2333 3
6 2334 5
6 2336 5
6 2337 4
6 2338 3
6 2339 4
6 2340 0
6 2341 2
6 2342 2
6 2343 4
6 2344 3
6 2345 4
6 2346 5
6 2347 3
6 2348 1
6 2349 2
6 2350 0
6 2351 3
6 2352 2
6 2353 2
6 2354 4
6 2356 5
6 2357 5
6 2358 1
6 2359 2
6 2360 0
6 2361 1
6 2362 5
6 2363 0
6 2364 3
6 2365 4
6 2366 3
6 2367 3
6 2368 2
6 2369 1
6 2370 2
6 2371 3
6 2372 0
6 2373 0
6 2374 2
6 2375 2
6 2376 1
6 2377 3
6 2378 2
6 2379 1
6 2380 4
6 2381 0
6 2382 4
6 2383 4
6 2384 3
6 2385 0
6 2386 2
6 2387 2
6 2388 4
6 2389 0
6 2390 1
6 2391 0
6 2392 3
6 2393 4
6 2394 2
6 2395 3
6 2396 4
6 2397 2
6 2398 0
6 2401 1
6 2402 0
6 2403 1
6 2404 4
6 2405 4
6 2406 4
6 2407 4
6 2408 0
6 2410 1
6 2411 3
6 2412 5
6 2413 3
6 2414 3
6 2415 0
6 2416 0
6 2417 2
6 2418 4
6 2419 5
6 2420 4
6 2421 0
6 2422 4
6 2423 0
6 2424 0
6 2425 1
6 2426 2
6 2427 3
6 2428 5
6 2429 2
6 2430 2
6 2431 4
6 2432 4
6 2433 2
6 2434 5
6 2435 2
6 2436 4
6 2437 1
6 2438 1
6 2439 3
6 2440 0
6 2441 1
6 2442 0
6 2443 0
6 2444 4
6 2445 2
6 2446 2
6 2447 0
6 2448 3
6 2449 0
6 2450 5
6 2451 4
6 2452 1
6 2453 1
6 2454 1
6 2455 4
6 2457 0
6 2458 3
6 2460 0
6 2461 2
6 2462 2
6 2463 2
6 2465 1
6 2466 2
6 2467 1
6 2468 4
6 2469 0
6 2470 4
6 2471 3
6 2472 0
6 2473 5
6 2474 5
6 2475 4
6 2476 1
6 2477 3
6 2478 1
6 2479 1
6 2480 2
6 2481 0
6 2482 0
6 2483 5
6 2484 1
6 2487 0
6 2488 4
6 2489 2
6 2490 0
6 2491 2
6 2492 1
6 2493 3
6 2494 0
6 2495 2
6 2496 3
6 2497 4
6 2498 3
6 2499 5
6 2500 0
6 2501 1
6 2502 2
6 2503 0
6 2504 3
6 2505 2
6 2506 3
6 2508 4
6 2509 3
6 2510 1
6 2511 1
6 2512 2
6 2513 5
6 2514 4
6 2515 5
6 2516 1
6 2517 3
6 2518 0
6 2519 5
6 2520 0
6 2522 2
6 2523 0
6 2524 1
6 2525 2
6 2526 1
6 2527 5
6 2528 2
6 2529 5
6 2530 4
6 2531 2
6 2533 3
6 2534 3
6 2535 1
6 2536 5
6 2537 2
6 2538 3
6 2539 0
6 2540 5
6 2541 0
6 2542 0
6 2543 0
6 2544 2
6 2545 1
6 2546 5
6 2547 3
6 2548 2
6 2549 2
6 2550 0
6 2551 0
6 2552 1
6 2556 3
6 2557 5
6 2558 2
6 2559 4
6 2560 5
6 2561 1
6 2562 0
6 2563 4
6 2565 2
6 2566 4
6 2567 4
6 2568 4
6 2569 0
6 2570 1
6 2571 2
6 2572 5
6 2573 3
6 2574 2
6 2575 5
6 2576 4
6 2577 4
6 2579 2
6 2580 3
6 2582 3
6 2583 4
6 2584 3
6 2585 3
6 2586 0
6 2587 5
6 2588 3
6 2589 3
6 2590 4
6 2591 1
6 2592 4
6 2593 0
6 2594 4
6 2595 1
6 2596 3
6 2597 2
6 2598 4
6 2599 3
6 2600 3
6 2601 3
6 2602 0
6 2603 4
6 2604 2
6 2605 4
6 2606 2
6 2607 4
6 2608 0
6 2610 2
6 2611 2
6 2613 0
6 2614 5
6 2615 5
6 2616 5
6 2617 2
6 2618 5
6 2619 2
6 2620 4
6 2621 4
6 2622 0
6 2623 4
6 2624 5
6 2625 5
6 2626 4
6 2627 3
6 2628 1
6 2630 3
6 2631 1
6 2632 2
6 2633 5
6 2634 5
6 2635 3
6 2636 5
6 2637 4
6 2638 4
6 2640 2
6 2642 5
6 2643 4
6 2644 3
6 2645 2
6 2646 3
6 2647 2
6 2648 2
6 2649 5
6 2650 3
6 2652 0
6 2653 0
6 2654 4
6 2655 4
6 2656 5
6 2657 1
6 2658 2
6 2659 5
6 2660 4
6 2661 0
6 2662 2
6 2663 5
6 2664 4
6 2665 5
6 2666 2
6 2667 1
6 2668 1
6 2669 2
6 2670 0
6 2671 5
6 2672 0
6 2673 1
6 2674 1
6 2676 1
6 2678 3
6 2679 4
6 2681 4
6 2682 2
6 2683 4
6 2684 2
6 2685 1
6 2686 5
6 2687 1
6 2688 4
6 2690 2
6 2691 2
6 2692 1
6 2693 4
6 2694 0
6 2695 0
6 2696 3
6 2697 0
6 2698 4
6 2700 3
6 2701 3
6 2702 1
6 2703 3
6 2704 0
6 2705 5
6 2706 4
6 2707 4
6 2708 0
6 2709 1
6 2710 0
6 2711 4
6 2712 4
6 2714 5
6 2715 2
6 2716 3
6 2717 0
6 2718 0
6 2720 2
6 2721 1
6 2723 0
6 2724 2
6 2725 5
6 2727 3
6 2729 4
6 2730 0
6 2731 3
6 2732 0
6 2733 2
6 2734 2
6 2737 2
6 2738 4
6 2739 0
6 2740 4
6 2741 5
6 2742 5
6 2743 5
6 2744 5
6 2745 5
6 2747 5
6 2748 5
6 2749 4
6 2750 3
6 2751 4
6 2752 1
6 2753 4
6 2754 5
6 2755 5
6 2756 5
6 2757 5
6 2760 2
6 2761 3
6 2762 0
6 2763 3
6 2764 3
6 2765 2
6 2766 2
6 2767 0
6 2768 0
6 2769 4
6 2770 1
6 2771 1
6 2772 3
6 2773 1
6 2774 2
6 2775 0
6 2776 1
6 2777 0
6 2778 2
6 2779 5
6 2780 1
6 2781 3
6 2782 0
6 2783 2
6 2784 1
6 2785 1
6 2786 0
6 2787 3
6 2788 0
6 2789 0
6 2790 5
6 2791 2
6 2792 3
6 2793 5
6 2794 5
6 2795 5
6 2796 4
6 2797 2
6 2798 3
6 2799 0
6 2800 3
6 2801 1
6 2802 5
6 2804 4
6 2805 1
6 2806 4
6 2807 0
6 2808 0
6 2809 2
6 2810 4
6 2811 5
6 2813 5
6 2814 2
6 2815 3
6 2816 4
6 2817 2
6 2818 5
6 2819 3
6 2820 4
6 2821 0
6 2822 4
6 2823 0
6 2824 4
6 2825 2
6 2826 3
6 2827 1
6 2828 5
6 2829 3
6 2831 2
6 2832 5
6 2833 0
6 2834 0
6 2835 1
6 2836 5
6 2837 2
6 2838 4
6 2839 4
6 2840 3
6 2841 3
6 2842 5
6 2843 4
6 2844 3
6 2845 2
6 2846 1
6 2847 1
6 2848 4
6 2849 1
6 2852 4
6 2854 1
6 2855 5
6 2856 2
6 2857 5
6 2858 1
6 2859 0
6 2860 3
6 2862 5
6 2863 4
6 2864 4
6 2865 2
6 2866 0
6 2867 4
6 2869 0
6 2870 5
6 2871 2
6 2872 0
6 2873 3
6 2875 0
6 2876 4
6 2877 1
6 2878 3
6 2879 2
6 2881 4
6 2882 2
6 2883 4
6 2884 1
6 2885 0
6 2886 0
6 2888 0
6 2890 0
6 2891 5
6 2892 0
6 2893 5
6 2894 3
6 2896 2
6 2897 5
6 2898 2
6 2899 1
6 2901 4
6 2902 0
6 2903 5
6 2904 4
6 2906 2
6 2907 2
6 2909 5
6 2910 5
6 2913 0
6 2914 0
6 2916 5
6 2917 1
6 2918 4
6 2919 2
6 2920 1
6 2921 3
6 2922 1
6 2923 5
6 2924 5
6 2925 0
6 2926 5
6 2927 1
6 2928 2
6 2929 0
6 2930 5
6 2931 3
6 2932 3
6 2933 3
6 2934 4
6 2937 3
6 2938 5
6 2939 4
6 2940 3
6 2941 5
6 2942 2
6 2943 0
6 2944 1
6 2945 0
6 2947 2
6 2948 5
6 2949 1
6 2951 3
6 2952 5
6 2954 4
6 2955 1
6 2956 4
6 2957 0
6 2958 5
6 2959 0
6 2960 1
6 2961 1
6 2962 3
6 2963 4
6 2964 1
6 2965 2
6 2966 0
6 2967 0
6 2968 4
6 2969 0
6 2970 3
6 2971 0
6 2972 3
6 2973 3
6 2975 4
6 2976 0
6 2977 3
6 2978 2
6 2980 1
6 2981 0
6 2982 2
6 2983 2
6 2984 2
6 2986 3
6 2987 1
6 2988 1
6 2990 3
6 2991 0
6 2992 2
6 2993 1
6 2994 4
6 2995 1
6 2996 2
6 2997 4
6 2998 5
6 2999 0
6 3000 2
6 3001 4
6 3002 2
6 3003 4
6 3004 5
6 3005 1
6 3006 2
6 3007 3
6 3008 5
6 3009 3
6 3010 4
6 3011 1
6 3012 5
6 3013 0
6 3014 0
6 3015 1
6 3016 1
6 3017 5
6 3018 5
6 3019 3
6 3020 2
6 3021 0
6 3022 0
6 3023 5
6 3024 5
6 3025 1
6 3026 4
6 3027 5
6 3029 3
6 3030 0
6 3031 2
6 3032 1
6 3033 2
6 3034 5
6 3035 4
6 3036 3
6 3037 1
6 3038 2
6 3041 0
6 3042 4
6 3043 1
6 3044 4
6 3045 4
6 3047 4
6 3048 3
6 3050 2
6 3051 5
6 3052 0
6 3053 5
6 3054 5
6 3056 3
6 3057 4
6 3059 2
6 3060 2
6 3061 5
6 3062 2
6 3063 4
6 3064 4
6 3065 1
6 3066 1
6 3067 2
6 3068 4
6 3069 4
6 3070 1
6 3071 1
6 3072 0
6 3073 0
6 3074 2
6 3075 1
6 3076 5
6 3077 5
6 3078 5
6 3079 0
6 3080 2
6 3081 5
6 3082 5
6 3083 2
6 3084 1
6 3086 4
6 3087 2
6 3089 2
6 3090 2
6 3091 1
6 3092 3
6 3093 4
6 3094 4
6 3095 0
6 3096 1
6 3097 3
6 3098 4
6 3099 5
6 3101 5
6 3102 0
6 3103 0
6 3104 5
6 3105 2
6 3106 2
6 3107 4
6 3108 0
6 3109 5
6 3114 2
6 3115 5
6 3117 1
6 3118 0
6 3120 0
6 3121 3
6 3122 0
6 3123 3
6 3124 5
6 3125 0
6 3127 4
6 3128 3
6 3129 5
6 3130 0
6 3131 4
6 3132 5
6 3134 2
6 3135 2
6 3136 4
6 3137 4
6 3138 3
6 3140 5
6 3141 2
6 3142 4
6 3143 4
6 3145 1
6 3146 5
6 3147 0
6 3148 3
6 3149 1
6 3150 4
6 3151 2
6 3152 4
6 3153 1
6 3154 3
6 3155 1
6 3156 0
6 3157 5
6 3158 0
6 3159 5
6 3160 2
6 3161 4
6 3162 4
6 3163 2
6 3164 0
6 3165 1
6 3166 0
6 3167 1
6 3168 0
6 3169 4
6 3170 3
6 3171 3
6 3172 3
6 3173 5
6 3174 3
6 3175 0
6 3176 4
6 3177 1
6 3178 3
6 3179 0
6 3180 2
6 3181 3
6 3182 4
6 3183 4
6 3184 4
6 3185 5
6 3186 2
6 3187 0
6 3188 1
6 3191 4
6 3192 3
6 3193 3
6 3194 5
6 3195 2
6 3196 1
6 3197 5
6 3198 4
6 3199 2
6 3201 3
6 3202 4
6 3203 5
6 3204 1
6 3206 2
6 3207 3
6 3208 3
6 3209 3
6 3210 5
6 3211 2
6 3214 4
6 3215 2
6 3216 2
6 3218 5
6 3219 4
6 3220 3
6 3221 0
6 3222 5
6 3223 2
6 3224 3
6 3225 1
6 3226 1
6 3227 1
6 3228 4
6 3229 2
6 3230 1
6 3231 2
6 3234 1
6 3235 5
6 3236 5
6 3237 3
6 3238 2
6 3239 3
6 3240 5
6 3241 4
6 3242 1
6 3243 4
6 3244 4
6 3247 0
6 3248 5
6 3249 2
6 3250 4
6 3251 4
6 3252 5
6 3253 4
6 3254 5
6 3256 3
6 3257 5
6 3258 0
6 3259 1
6 3260 5
6 3261 4
6 3262 2
6 3263 1
6 3265 4
6 3267 4
6 3268 3
6 3269 1
6 3270 4
6 3271 1
6 3272 1
6 3273 1
6 3276 4
6 3277 4
6 3278 2
6 3280 2
6 3281 0
6 3282 3
6 3283 1
6 3284 0
6 3285 0
6 3286 3
6 3287 5
6 3288 5
6 3289 0
6 3290 4
6 3291 3
6 3292 2
6 3293 4
6 3294 4
6 3295 0
6 3296 1
6 3297 0
6 3298 2
6 3300 0
6 3301 5
6 3302 3
6 3304 3
6 3305 1
6 3306 1
6 3307 1
6 3308 5
6 3309 4
6 3310 0
6 3311 1
6 3312 1
6 3313 1
6 3314 2
6 3315 3
6 3317 2
6 3318 2
6 3319 4
6 3320 1
6 3321 1
6 3322 0
6 3323 3
6 3324 0
6 3325 1
6 3327 3
6 3328 4
6 3329 4
6 3330 5
6 3331 3
6 3332 4
6 3333 4
6 3334 5
6 3335 2
6 3336 1
6 3337 0
6 3338 5
6 3339 3
6 3340 5
6 3341 2
6 3342 1
6 3343 1
6 3344 0
6 3345 0
6 3347 1
6 3348 0
6 3349 2
6 3350 0
6 3351 3
6 3353 2
6 3354 0
6 3355 0
6 3357 0
6 3358 2
6 3359 1
6 3360 4
6 3361 3
6 3362 2
6 3363 3
6 3364 2
6 3366 4
6 3367 1
6 3368 5
6 3369 3
6 3371 3
6 3372 2
6 3373 5
6 3374 5
6 3375 1
6 3376 3
6 3377 3
6 3379 3
6 3380 5
6 3381 1
6 3382 4
6 3384 2
6 3385 4
6 3386 3
6 3387 1
6 3388 2
6 3389 5
6 3390 4
6 3391 5
6 3392 1
6 3393 5
6 3394 1
6 3395 1
6 3396 0
6 3397 5
6 3399 5
6 3400 3
6 3403 3
6 3405 3
6 3407 4
6 3408 5
6 3409 2
6 3410 0
6 3411 1
6 3413 5
6 3415 1
6 3417 2
6 3419 1
6 3420 1
6 3421 2
6 3422 2
6 3423 0
6 3424 1
6 3425 3
6 3426 4
6 3427 1
6 3428 5
6 3429 5
6 3431 5
6 3432 4
6 3434 4
6 3435 2
6 3436 1
6 3437 0
6 3438 2
6 3440 5
6 3441 0
6 3442 3
6 3443 2
6 3444 3
6 3445 1
6 3446 1
6 3447 5
6 3449 4
6 3450 5
6 3451 5
6 3452 2
6 3453 5
6 3455 4
6 3456 2
6 3457 3
6 3458 3
6 3459 4
6 3460 1
6 3461 0
6 3462 4
6 3463 0
6 3464 2
6 3465 3
6 3466 3
6 3467 3
6 3468 5
6 3469 0
6 3470 2
6 3471 4
6 3472 4
6 3473 3
6 3475 1
6 3476 1
6 3477 0
6 3478 5
6 3479 2
6 3481 2
6 3483 1
6 3485 1
6 3486 5
6 3487 3
6 3489 5
6 3490 5
6 3491 2
6 3492 2
6 3493 4
6 3494 2
6 3495 2
6 3496 1
6 3498 5
6 3499 3
6 3500 5
6 3501 1
6 3502 0
6 3504 2
6 3506 5
6 3507 1
6 3508 0
6 3509 4
6 3510 5
6 3511 2
6 3512 5
6 3514 3
6 3515 3
6 3518 2
6 3520 3
6 3521 0
6 3522 4
6 3523 4
6 3524 0
6 3526 0
6 3527 1
6 3528 2
6 3529 2
6 3530 1
6 3531 3
6 3532 0
6 3533 0
6 3534 0
6 3536 1
6 3537 5
6 3538 1
6 3539 3
6 3540 3
6 3541 3
6 3542 0
6 3544 1
6 3545 5
6 3548 3
6 3549 4
6 3550 1
6 3551 3
6 3553 2
6 3554 3
6 3555 4
6 3557 2
6 3558 5
6 3559 5
6 3560 1
6 3561 5
6 3563 3
6 3564 3
6 3565 2
6 3568 1
6 3569 1
6 3570 5
6 3571 1
6 3572 2
6 3573 2
6 3574 3
6 3575 3
6 3576 5
6 3577 4
6 3578 5
6 3579 2
6 3580 4
6 3581 0
6 3582 5
6 3583 3
6 3586 0
6 3587 0
6 3588 1
6 3589 5
6 3590 2
6 3591 3
6 3592 1
6 3593 5
6 3594 4
6 3595 2
6 3597 2
6 3598 0
6 3599 1
6 3600 0
6 3601 2
6 3602 4
6 3604 5
6 3607 1
6 3608 2
6 3609 5
6 3610 1
6 3611 4
6 3612 3
6 3615 4
6 3616 4
6 3617 2
6 3619 1
6 3620 1
6 3621 4
6 3622 1
6 3623 4
6 3624 0
6 3625 0
6 3626 0
6 3627 4
6 3628 0
6 3629 0
6 3630 1
6 3631 5
6 3632 2
6 3633 5
6 3634 3
6 3635 2
6 3636 3
6 3637 4
6 3639 1
6 3641 1
6 3644 4
6 3645 0
6 3646 0
6 3647 5
6 3648 1
6 3649 1
6 3650 2
6 3652 3
6 3653 1
6 3655 5
6 3656 3
6 3657 4
6 3658 0
6 3659 4
6 3660 0
6 3661 1
6 3662 3
6 3663 3
6 3664 2
6 3665 5
6 3666 3
6 3667 4
6 3669 4
6 3670 0
6 3671 2
6 3673 0
6 3674 1
6 3676 5
6 3678 3
6 3679 2
6 3681 5
6 3682 0
6 3683 4
6 3685 4
6 3686 5
6 3688 2
6 3689 1
6 3690 4
6 3692 2
6 3693 5
6 3696 5
6 3697 0
6 3698 3
6 3699 3
6 3701 0
6 3703 4
6 3704 0
6 3705 5
6 3706 0
6 3708 4
6 3709 0
6 3710 1
6 3716 5
6 3717 2
6 3718 3
6 3719 4
6 3720 4
6 3721 5
6 3722 2
6 3723 2
6 3724 0
6 3725 1
6 3726 1
6 3727 4
6 3729 5
6 3730 1
6 3731 4
6 3732 1
6 3733 4
6 3734 0
6 3735 2
6 3736 0
6 3737 1
6 3738 5
6 3739 2
6 3740 3
6 3741 1
6 3742 0
6 3743 5
6 3744 3
6 3745 5
6 3746 4
6 3747 4
6 3750 1
6 3751 0
6 3752 4
6 3753 5
6 3754 4
6 3755 1
6 3756 1
6 3757 2
6 3759 2
6 3760 3
6 3761 1
6 3762 3
6 3763 5
6 3764 3
6 3766 5
6 3767 1
6 3768 4
6 3770 1
6 3771 3
6 3773 3
6 3774 0
6 3776 2
6 3777 5
6 3778 3
6 3779 0
6 3780 4
6 3781 1
6 3782 5
6 3783 1
6 3784 3
6 3785 1
6 3786 1
6 3787 3
6 3788 0
6 3789 1
6 3793 1
6 3794 5
6 3795 1
6 3796 1
6 3798 4
6 3799 3
6 3801 2
6 3802 2
6 3803 4
6 3804 4
6 3805 3
6 3807 4
6 3808 4
6 3809 3
6 3810 5
6 3811 3
6 3813 5
6 3814 2
6 3815 0
6 3816 0
6 3817 1
6 3819 1
6 3820 0
6 3823 2
6 3824 3
6 3826 0
6 3827 4
6 3829 5
6 3830 4
6 3835 2
6 3837 4
6 3838 2
6 3839 3
6 3840 0
6 3842 2
6 3843 5
6 3844 5
6 3845 2
6 3846 3
6 3847 2
6 3848 3
6 3850 5
6 3854 2
6 3855 5
6 3856 3
6 3858 2
6 3859 4
6 3860 4
6 3861 5
6 3862 2
6 3863 4
6 3864 2
6 3865 4
6 3866 4
6 3867 5
6 3868 3
6 3870 3
6 3871 0
6 3872 0
6 3874 0
6 3876 4
6 3877 0
6 3878 5
6 3879 1
6 3881 4
6 3882 5
6 3883 5
6 3885 0
6 3886 3
6 3888 4
6 3889 2
6 3890 4
6 3891 5
6 3892 0
6 3893 3
6 3894 3
6 3901 1
6 3905 5
6 3906 2
6 3907 5
6 3909 5
6 3910 1
6 3911 5
6 3915 3
6 3917 4
6 3918 0
6 3919 3
6 3920 1
6 3921 2
6 3923 4
6 3924 4
6 3925 3
6 3926 1
6 3928 2
6 3929 4
6 3930 4
6 3931 1
6 3932 5
6 3933 3
6 3934 1
6 3935 3
6 3936 1
6 3937 3
6 3938 3
6 3939 1
6 3940 3
6 3941 4
6 3942 5
6 3944 2
6 3945 4
6 3946 3
6 3948 4
6 3950 5
6 3952 3
6 3953 1
6 3954 1
6 3955 4
6 3956 5
6 3957 1
6 3959 5
6 3961 5
6 3962 3
6 3963 0
6 3964 0
6 3965 5
6 3966 4
6 3967 0
6 3968 4
6 3969 3
6 3970 2
6 3971 3
6 3972 2
6 3974 1
6 3975 4
6 3976 2
6 3977 2
6 3978 3
6 3979 2
6 3980 1
6 3982 0
6 3983 5
6 3985 0
6 3986 2
6 3987 4
6 3988 2
6 3989 3
6 3990 4
6 3991 3
6 3992 2
6 3993 5
6 3994 3
6 3995 2
6 3996 2
6 3997 5
6 3998 3
6 3999 4
6 4000 1
6 4001 0
6 4004 4
6 4007 0
6 4008 0
6 4009 2
6 4010 0
6 4011 0
6 4012 5
6 4013 5
6 4014 1
6 4016 4
6 4017 0
6 4018 2
6 4019 4
6 4020 5
6 4023 1
6 4024 3
6 4026 2
6 4027 1
6 4029 4
6 4030 3
6 4031 0
6 4032 1
6 4033 5
6 4034 0
6 4035 2
6 4036 5
6 4038 1
6 4039 1
6 4042 5
6 4044 2
6 4046 2
6 4047 0
6 4049 1
6 4050 1
6 4052 3
6 4053 3
6 4054 5
6 4055 5
6 4056 1
6 4057 4
6 4058 3
6 4059 4
6 4060 3
6 4063 1
6 4064 2
6 4065 3
6 4066 2
6 4067 0
6 4069 5
6 4070 0
6 4071 2
6 4072 4
6 4073 0
6 4075 5
6 4076 3
6 4077 2
6 4078 1
6 4079 4
6 4081 2
6 4082 5
6 4083 2
6 4084 4
6 4085 1
6 4087 5
6 4088 5
6 4089 2
6 4090 5
6 4093 5
6 4096 2
6 4097 2
6 4098 0
6 4099 2
6 4101 4
6 4102 4
6 4104 5
6 4105 2
6 4106 4
6 4107 3
6 4108 3
6 4109 2
6 4110 3
6 4111 3
6 4112 5
6 4113 3
6 4114 0
6 4115 5
6 4116 5
6 4117 1
6 4119 1
6 4120 0
6 4121 1
6 4122 1
6 4124 4
6 4125 3
6 4126 4
6 4127 4
6 4129 5
6 4130 0
6 4131 3
6 4132 5
6 4133 5
6 4134 3
6 4135 5
6 4136 3
6 4137 4
6 4139 2
6 4140 5
6 4141 2
6 4143 0
6 4144 2
6 4145 2
6 4147 0
6 4148 1
6 4149 4
6 4150 4
6 4151 0
6 4152 3
6 4153 3
6 4154 1
6 4155 4
6 4158 4
6 4159 4
6 4160 4
6 4161 1
6 4162 5
6 4163 1
6 4164 3
6 4165 5
6 4168 4
6 4170 1
6 4172 3
6 4174 2
6 4176 4
6 4177 1
6 4178 3
6 4179 2
6 4181 2
6 4182 5
6 4183 0
6 4188 1
6 4189 3
6 4190 1
6 4191 0
6 4192 5
6 4193 4
6 4194 1
6 4195 1
6 4197 4
6 4198 3
6 4200 4
6 4201 0
6 4202 3
6 4204 5
6 4207 5
6 4208 0
6 4209 4
6 4210 3
6 4211 4
6 4212 1
6 4213 4
6 4214 3
6 4215 1
6 4216 0
6 4219 0
6 4220 0
6 4221 0
6 4223 0
6 4224 2
6 4225 0
6 4227 1
6 4228 3
6 4229 5
6 4231 3
6 4233 1
6 4234 5
6 4235 3
6 4237 1
6 4238 1
6 4239 4
6 4240 4
6 4241 1
6 4243 5
6 4245 2
6 4246 3
6 4247 5
6 4248 1
6 4249 3
6 4250 5
6 4251 5
6 4252 4
6 4253 5
6 4254 1
6 4255 3
6 4256 3
6 4257 4
6 4258 1
6 4260 4
6 4262 3
6 4264 2
6 4268 1
6 4269 5
6 4270 1
6 4271 4
6 4272 0
6 4273 1
6 4274 5
6 4276 4
6 4277 1
6 4278 1
6 4279 2
6 4281 1
6 4282 5
6 4283 5
6 4284 5
6 4285 4
6 4286 2
6 4287 4
6 4288 1
6 4289 4
6 4290 2
6 4291 4
6 4292 3
6 4293 1
6 4296 0
6 4300 2
6 4302 1
6 4303 3
6 4304 3
6 4305 2
6 4306 5
6 4307 3
6 4308 4
6 4309 2
6 4310 3
6 4311 5
6 4313 5
6 4314 4
6 4315 0
6 4316 5
6 4317 3
6 4318 1
6 4319 4
6 4320 5
6 4321 1
6 4322 4
6 4323 4
6 4324 4
6 4325 0
6 4327 3
6 4331 4
6 4332 5
6 4334 0
6 4335 3
6 4336 2
6 4337 5
6 4338 2
6 4339 1
6 4340 4
6 4341 1
6 4343 2
6 4344 0
6 4345 3
6 4346 2
6 4347 1
6 4348 0
6 4352 2
6 4354 1
6 4355 2
6 4356 4
6 4358 1
6 4359 2
6 4360 5
6 4361 4
6 4362 5
6 4363 4
6 4364 5
6 4365 0
6 4366 5
6 4367 5
6 4369 5
6 4370 0
6 4371 3
6 4372 5
6 4373 0
6 4375 1
6 4378 0
6 4379 0
6 4382 5
6 4383 2
6 4384 0
6 4385 2
6 4387 2
6 4388 5
6 4389 0
6 4390 1
6 4391 2
6 4393 0
6 4394 1
6 4395 1
6 4396 3
6 4397 0
6 4398 3
6 4402 3
6 4405 5
6 4406 3
6 4407 0
6 4409 1
6 4410 1
6 4412 0
6 4413 4
6 4415 1
6 4416 5
6 4417 5
6 4421 2
6 4422 0
6 4424 0
6 4425 5
6 4428 1
6 4429 0
6 4430 3
6 4431 3
6 4434 1
6 4437 0
6 4438 0
6 4440 2
6 4441 4
6 4442 4
6 4444 4
6 4445 4
6 4448 2
6 4449 2
6 4450 2
6 4452 4
6 4453 3
6 4454 4
6 4456 0
6 4457 5
6 4458 3
6 4459 2
6 4460 2
6 4461 4
6 4462 1
6 4463 4
6 4464 2
6 4465 0
6 4468 1
6 4469 3
6 4471 2
6 4473 0
6 4474 0
6 4475 2
6 4476 4
6 4477 2
6 4478 4
6 4479 5
6 4481 5
6 4482 5
6 4484 3
6 4485 2
6 4486 2
6 4487 1
6 4489 3
6 4491 1
6 4493 0
6 4494 5
6 4495 0
6 4496 1
6 4497 5
6 4498 2
6 4502 3
6 4506 3
6 4507 2
6 4508 1
6 4509 0
6 4510 1
6 4511 2
6 4514 0
6 4515 1
6 4516 1
6 4517 2
6 4520 5
6 4521 4
6 4522 4
6 4523 2
6 4524 5
6 4525 0
6 4526 2
6 4527 5
6 4528 1
6 4529 3
6 4530 5
6 4532 1
6 4534 2
6 4536 1
6 4538 2
6 4541 4
6 4542 3
6 4543 1
6 4544 0
6 4545 3
6 4546 4
6 4547 5
6 4549 2
6 4552 4
6 4553 5
6 4554 1
6 4558 4
6 4559 0
6 4560 1
6 4561 4
6 4562 3
6 4564 3
6 4565 1
6 4566 3
6 4567 2
6 4568 0
6 4569 1
6 4571 1
6 4572 4
6 4573 3
6 4575 0
6 4576 4
6 4579 5
6 4580 2
6 4581 0
6 4583 5
6 4584 4
6 4585 0
6 4586 1
6 4587 5
6 4588 5
6 4589 1
6 4590 0
6 4591 2
6 4592 0
6 4593 2
6 4594 1
6 4595 1
6 4597 4
6 4598 3
6 4599 5
6 4600 4
6 4602 4
6 4603 0
6 4604 1
6 4605 3
6 4606 2
6 4607 3
6 4608 5
6 4609 4
6 4610 4
6 4611 0
6 4612 0
6 4613 2
6 4614 0
6 4615 2
6 4617 2
6 4618 4
6 4619 2
6 4624 4
6 4625 3
6 4626 4
6 4627 2
6 4628 3
6 4629 2
6 4630 2
6 4631 0
6 4632 3
6 4633 1
6 4634 5
6 4635 5
6 4636 2
6 4637 2
6 4638 0
6 4639 5
6 4640 0
6 4641 4
6 4642 1
6 4643 0
6 4644 3
6 4645 5
6 4647 5
6 4648 5
6 4649 2
6 4651 3
6 4653 2
6 4654 4
6 4655 3
6 4656 1
6 4657 0
6 4658 1
6 4659 0
6 4660 5
6 4661 5
6 4664 5
6 4665 3
6 4666 4
6 4668 2
6 4669 5
6 4670 4
6 4672 1
6 4673 5
6 4676 1
6 4678 0
6 4679 1
6 4680 1
6 4681 4
6 4682 5
6 4683 0
6 4684 4
6 4685 5
6 4686 3
6 4687 2
6 4688 5
6 4689 4
6 4690 0
6 4693 3
6 4694 1
6 4695 2
6 4696 3
6 4697 1
6 4698 5
6 4701 3
6 4702 1
6 4703 1
6 4706 3
6 4707 2
6 4709 2
6 4710 1
6 4711 0
6 4712 2
6 4713 4
6 4714 0
6 4715 3
6 4716 1
6 4719 0
6 4720 5
6 4723 0
6 4725 0
6 4726 5
6 4727 2
6 4728 5
6 4729 1
6 4730 5
6 4732 0
6 4733 2
6 4734 1
6 4737 5
6 4738 4
6 4739 1
6 4740 4
6 4741 2
6 4743 4
6 4744 3
6 4746 4
6 4747 0
6 4749 0
6 4750 3
6 4751 1
6 4752 0
6 4754 4
6 4755 0
6 4756 2
6 4757 5
6 4760 1
6 4761 5
6 4764 4
6 4765 1
6 4766 0
6 4767 2
6 4769 1
6 4771 4
6 4772 4
6 4773 2
6 4775 1
6 4777 2
6 4778 2
6 4782 0
6 4783 2
6 4784 3
6 4786 0
6 4788 4
6 4789 4
6 4790 1
6 4792 1
6 4793 3
6 4794 1
6 4795 4
6 4796 1
6 4797 5
6 4798 2
6 4800 2
6 4801 3
6 4802 3
6 4803 0
6 4804 3
6 4805 3
6 4808 0
6 4810 0
6 4811 5
6 4812 5
6 4814 4
6 4815 1
6 4816 2
6 4817 2
6 4818 0
6 4819 3
6 4820 1
6 4821 0
6 4824 2
6 4827 3
6 4828 2
6 4829 5
6 4830 1
6 4831 5
6 4832 5
6 4834 4
6 4836 1
6 4837 5
6 4839 3
6 4840 4
6 4842 4
6 4843 1
6 4844 5
6 4846 2
6 4847 5
6 4848 5
6 4851 2
6 4853 4
6 4855 4
6 4857 4
6 4859 0
6 4860 0
6 4861 5
6 4862 5
6 4863 4
6 4864 4
6 4867 2
6 4868 1
6 4869 3
6 4871 0
6 4873 3
6 4875 2
6 4876 0
6 4878 4
6 4879 2
6 4880 2
6 4883 3
6 4884 4
6 4885 4
6 4887 1
6 4888 5
6 4889 2
6 4890 0
6 4891 1
6 4892 1
6 4893 1
6 4898 3
6 4899 3
6 4901 5
6 4903 0
6 4904 1
6 4905 3
6 4906 2
6 4907 2
6 4908 0
6 4909 0
6 4910 0
6 4911 5
6 4912 5
6 4913 2
6 4914 2
6 4915 1
6 4916 0
6 4917 4
6 4918 1
6 4920 1
6 4921 3
6 4922 3
6 4923 4
6 4924 1
6 4925 5
6 4926 4
6 4927 4
6 4929 4
6 4930 0
6 4931 4
6 4933 4
6 4936 3
6 4941 5
6 4943 5
6 4944 0
6 4945 5
6 4946 5
6 4947 4
6 4948 5
6 4949 5
6 4950 3
6 4952 1
6 4955 3
6 4958 2
6 4959 5
6 4960 3
6 4961 4
6 4962 1
6 4963 4
6 4965 0
6 4968 4
6 4969 4
6 4970 0
6 4971 2
6 4972 3
6 4973 2
6 4974 2
6 4977 3
6 4978 1
6 4979 2
6 4980 5
6 4982 4
6 4984 0
6 4985 2
6 4987 5
6 4988 4
6 4994 5
6 4995 3
6 4996 4
6 4997 1
6 4999 3
6 5003 3
6 5005 0
6 5007 3
6 5008 3
6 5009 2
6 5012 4
6 5013 0
6 5014 2
6 5015 1
6 5016 3
6 5018 0
6 5019 4
6 5020 5
6 5022 4
6 5024 5
6 5026 4
6 5027 3
6 5030 5
6 5033 3
6 5034 1
6 5037 4
6 5038 3
6 5039 5
6 5040 0
6 5041 2
6 5042 5
6 5044 1
6 5045 5
6 5046 3
6 5050 2
6 5052 3
6 5054 1
6 5055 3
6 5056 0
6 5059 5
6 5061 5
6 5062 3
6 5063 0
6 5064 5
6 5065 0
6 5066 3
6 5067 0
6 5068 4
6 5069 5
6 5070 5
6 5071 0
6 5072 3
6 5075 4
6 5076 3
6 5077 0
6 5078 2
6 5080 4
6 5082 4
6 5083 0
6 5087 1
6 5088 5
6 5089 1
6 5090 4
6 5092 1
6 5093 0
6 5094 0
6 5095 4
6 5096 4
6 5098 1
6 5099 1
6 5101 3
6 5102 2
6 5103 3
6 5104 3
6 5106 2
6 5110 3
6 5111 0
6 5112 5
6 5113 0
6 5115 5
6 5118 3
6 5122 3
6 5123 4
6 5125 2
6 5126 3
6 5127 0
6 5128 1
6 5129 1
6 5130 0
6 5131 5
6 5132 5
6 5134 3
6 5136 5
6 5137 3
6 5138 1
6 5139 5
6 5140 4
6 5141 4
6 5143 1
6 5146 4
6 5147 0
6 5150 4
6 5151 4
6 5153 2
6 5154 5
6 5155 3
6 5156 1
6 5158 0
6 5161 2
6 5162 1
6 5165 4
6 5166 1
6 5167 2
6 5168 1
6 5171 5
6 5173 3
6 5174 4
6 5175 5
6 5177 1
6 5179 1
6 5180 0
6 5182 0
6 5183 5
6 5184 5
6 5185 5
6 5187 2
6 5188 1
6 5189 1
6 5192 2
6 5193 1
6 5194 2
6 5195 3
6 5196 1
6 5197 2
6 5198 5
6 5200 2
6 5203 4
6 5204 5
6 5205 5
6 5206 0
6 5207 2
6 5211 3
6 5215 3
6 5218 5
6 5220 3
6 5222 3
6 5224 3
6 5227 3
6 5228 1
6 5229 2
6 5230 3
6 5233 4
6 5234 4
6 5235 3
6 5236 3
6 5237 3
6 5238 2
6 5239 1
6 5240 5
6 5242 5
6 5243 0
6 5244 0
6 5245 1
6 5247 5
6 5248 5
6 5250 0
6 5251 5
6 5252 5
6 5255 2
6 5256 4
6 5257 3
6 5258 5
6 5259 1
6 5260 4
6 5262 2
6 5263 4
6 5266 5
6 5269 3
6 5270 2
6 5271 5
6 5272 5
6 5276 0
6 5280 1
6 5282 4
6 5284 3
6 5288 3
6 5289 4
6 5290 0
6 5292 2
6 5293 1
6 5295 1
6 5297 0
6 5299 3
6 5300 3
6 5304 5
6 5306 1
6 5307 4
6 5309 5
6 5310 3
6 5311 3
6 5312 4
6 5314 2
6 5315 2
6 5316 1
6 5317 3
6 5319 0
6 5320 3
6 5322 3
6 5323 4
6 5325 2
6 5326 3
6 5327 5
6 5328 2
6 5330 5
6 5332 1
6 5333 5
6 5334 3
6 5335 1
6 5337 1
6 5339 3
6 5340 1
6 5341 5
6 5342 1
6 5344 1
6 5345 1
6 5347 3
6 5348 2
6 5349 1
6 5351 3
6 5354 0
6 5355 3
6 5357 5
6 5360 4
6 5361 5
6 5364 3
6 5365 0
6 5367 5
6 5370 2
6 5371 3
6 5372 0
6 5374 5
6 5375 3
6 5378 2
6 5379 1
6 5380 1
6 5381 0
6 5384 0
6 5385 5
6 5389 2
6 5390 1
6 5391 2
6 5392 2
6 5394 5
6 5395 1
6 5396 3
6 5399 5
6 5400 3
6 5401 4
6 5405 4
6 5406 2
6 5407 4
6 5408 0
6 5411 3
6 5413 5
6 5417 5
6 5418 3
6 5419 2
6 5420 5
6 5421 2
6 5422 5
6 5424 2
6 5427 4
6 5429 3
6 5434 0
6 5435 1
6 5436 2
6 5438 4
6 5439 3
6 5440 3
6 5441 1
6 5442 0
6 5444 4
6 5448 3
6 5450 1
6 5451 1
6 5453 2
6 5456 5
6 5457 5
6 5459 1
6 5461 3
6 5463 5
6 5465 2
6 5466 5
6 5467 0
6 5468 1
6 5469 2
6 5473 4
6 5474 2
6 5476 2
6 5479 1
6 5482 1
6 5483 1
6 5484 4
6 5486 2
6 5491 0
6 5494 1
6 5495 2
6 5497 4
6 5498 1
6 5501 4
6 5505 1
6 5506 4
6 5507 1
6 5510 3
6 5511 2
6 5512 5
6 5514 2
6 5516 4
6 5517 0
6 5520 4
6 5522 0
6 5523 5
6 5524 2
6 5525 5
6 5526 4
6 5529 2
6 5530 2
6 5531 4
6 5533 0
6 5534 2
6 5535 0
6 5536 1
6 5537 1
6 5538 4
6 5539 2
6 5542 4
6 5543 0
6 5544 2
6 5545 5
6 5548 0
6 5549 1
6 5550 5
6 5551 0
6 5552 5
6 5553 0
6 5555 0
6 5556 4
6 5558 5
6 5560 4
6 5561 3
6 5563 5
6 5567 5
6 5569 1
6 5570 5
6 5572 1
6 5579 5
6 5580 0
6 5581 5
6 5582 0
6 5583 5
6 5584 5
6 5586 5
6 5587 2
6 5589 1
6 5590 4
6 5595 5
6 5597 0
6 5600 0
6 5603 5
6 5606 4
6 5608 0
6 5609 1
6 5610 0
6 5611 4
6 5612 2
6 5613 5
6 5616 4
6 5618 5
6 5619 0
6 5620 1
6 5621 2
6 5624 2
6 5625 1
6 5626 4
6 5629 3
6 5631 2
6 5632 5
6 5634 0
6 5635 5
6 5636 1
6 5637 2
6 5638 4
6 5639 3
6 5640 0
6 5643 5
6 5644 0
6 5645 4
6 5648 4
6 5649 5
6 5650 0
6 5651 4
6 5652 0
6 5654 3
6 5655 3
6 5657 3
6 5658 5
6 5659 5
6 5660 0
6 5661 1
6 5662 4
6 5664 1
6 5665 0
6 5667 1
6 5668 4
6 5671 3
6 5673 4
6 5675 0
6 5676 1
6 5677 3
6 5679 1
6 5680 4
6 5683 2
6 5686 5
6 5687 1
6 5688 5
6 5691 3
6 5692 0
6 5693 5
6 5694 3
6 5697 0
6 5700 0
6 5701 1
6 5705 5
6 5706 3
6 5707 0
6 5711 3
6 5712 4
6 5715 5
6 5719 0
6 5720 2
6 5728 4
6 5729 1
6 5730 0
6 5731 4
6 5732 1
6 5733 2
6 5734 0
6 5736 2
6 5737 0
6 5741 0
6 5748 0
6 5749 1
6 5751 5
6 5752 0
6 5753 5
6 5754 0
6 5756 1
6 5757 4
6 5759 4
6 5762 1
6 5763 5
6 5764 4
6 5766 0
6 5767 1
6 5768 2
6 5769 5
6 5770 1
6 5771 1
6 5774 1
6 5776 2
6 5777 1
6 5778 4
6 5780 0
6 5781 1
6 5782 0
6 5783 2
6 5784 5
6 5786 4
6 5788 4
6 5790 1
6 5791 1
6 5792 5
6 5794 0
6 5795 5
6 5796 4
6 5799 2
6 5800 1
6 5801 5
6 5804 4
6 5805 4
6 5807 1
6 5808 1
6 5809 4
6 5810 5
6 5812 0
6 5813 2
6 5814 2
6 5817 1
6 5818 1
6 5820 5
6 5821 2
6 5824 4
6 5827 5
6 5829 4
6 5830 3
6 5832 2
6 5834 1
6 5835 0
6 5836 5
6 5838 1
6 5840 4
6 5841 0
6 5844 2
6 5845 2
6 5848 5
6 5849 3
6 5851 5
6 5852 4
6 5853 4
6 5858 1
6 5859 3
6 5860 0
6 5861 4
6 5867 2
6 5870 4
6 5871 4
6 5874 3
6 5875 4
6 5876 3
6 5882 5
6 5883 3
6 5884 5
6 5886 4
6 5888 3
6 5890 3
6 5891 4
6 5893 3
6 5895 3
6 5896 4
6 5897 4
6 5900 1
6 5904 4
6 5906 2
6 5912 2
6 5914 4
6 5916 4
6 5917 0
6 5920 3
6 5922 1
6 5923 3
6 5925 5
6 5926 1
6 5928 5
6 5929 3
6 5932 0
6 5939 3
6 5940 0
6 5941 4
6 5942 4
6 5943 4
6 5944 4
6 5946 2
6 5948 0
6 5952 3
6 5955 2
6 5961 2
6 5962 0
6 5963 5
6 5965 5
6 5967 1
6 5969 4
6 5974 1
6 5975 1
6 5979 2
6 5980 1
6 5981 4
6 5982 1
6 5985 0
6 5986 1
6 5988 2
6 5989 5
6 5990 1
6 5991 1
6 5992 0
6 5998 0
6 5999 4
6 6000 0
6 6001 3
6 6002 2
6 6003 2
6 6005 0
6 6009 4
6 6011 2
6 6012 3
6 6013 5
6 6014 0
6 6015 2
6 6016 2
6 6017 1
6 6019 3
6 6020 4
6 6022 2
6 6023 4
6 6027 0
6 6030 1
6 6031 1
6 6033 4
6 6034 3
6 6035 1
6 6036 5
6 6038 0
6 6039 5
6 6040 3
6 6042 0
6 6044 2
6 6045 3
6 6046 3
6 6048 4
6 6049 4
6 6051 3
6 6052 3
6 6055 2
6 6058 0
6 6063 2
6 6064 4
6 6065 0
6 6066 3
6 6070 4
6 6071 3
6 6073 5
6 6074 3
6 6075 5
6 6078 2
6 6082 5
6 6083 0
6 6085 5
6 6089 0
6 6093 1
6 6101 3
6 6102 2
6 6103 4
6 6105 2
6 6106 5
6 6110 3
6 6117 3
6 6118 3
6 6123 3
6 6125 1
6 6132 3
6 6133 2
6 6135 1
6 6137 3
6 6139 2
6 6144 5
6 6147 4
6 6151 4
6 6153 2
6 6155 5
6 6157 0
6 6161 2
6 6167 2
6 6169 2
6 6171 4
6 6173 1
6 6175 4
6 6178 3
6 6179 4
6 6180 1
6 6181 4
6 6182 2
6 6186 5
6 6187 4
6 6189 0
6 6194 5
6 6196 3
6 6197 5
6 6198 3
6 6199 0
6 6202 3
6 6203 2
6 6204 3
6 6206 5
6 6207 3
6 6208 0
6 6210 4
6 6211 4
6 6212 3
6 6215 0
6 6216 1
6 6217 0
6 6219 0
6 6220 4
6 6225 2
6 6226 1
6 6227 5
6 6228 5
6 6229 4
6 6230 2
6 6232 4
6 6233 5
6 6235 3
6 6237 1
6 6238 1
6 6241 4
6 6244 5
6 6245 2
6 6247 5
6 6248 0
6 6251 3
6 6252 4
6 6253 1
6 6254 3
6 6255 2
6 6256 1
6 6257 1
6 6261 5
6 6262 0
6 6263 3
6 6267 5
6 6268 0
6 6269 2
6 6271 5
6 6273 5
6 6274 2
6 6275 0
6 6277 0
6 6283 2
6 6284 5
6 6285 3
6 6289 5
6 6291 3
6 6293 3
6 6294 5
6 6295 2
6 6296 5
6 6298 1
6 6299 5
6 6303 0
6 6304 3
6 6305 3
6 6310 4
6 6311 1
6 6312 4
6 6316 1
6 6322 0
6 6325 3
6 6326 1
6 6327 2
6 6329 2
6 6330 5
6 6331 2
6 6332 0
6 6334 1
6 6335 3
6 6337 0
6 6342 3
6 6346 1
6 6351 1
6 6352 5
6 6355 2
6 6357 2
6 6358 4
6 6363 5
6 6364 0
6 6372 4
6 6373 1
6 6374 3
6 6376 5
6 6378 1
6 6379 5
6 6381 1
6 6382 3
6 6383 4
6 6386 1
6 6387 5
6 6393 1
6 6395 1
6 6396 0
6 6402 0
6 6404 2
6 6405 4
6 6409 3
6 6411 5
6 6414 2
6 6416 1
6 6420 5
6 6422 5
6 6425 0
6 6426 3
6 6427 3
6 6429 5
6 6430 2
6 6433 5
6 6435 2
6 6437 0
6 6439 0
6 6443 1
6 6447 5
6 6448 2
6 6450 5
6 6452 3
6 6453 0
6 6456 5
6 6459 3
6 6461 3
6 6462 4
6 6466 2
6 6467 3
6 6468 0
6 6469 2
6 6471 0
6 6472 5
6 6475 1
6 6476 1
6 6479 2
6 6482 2
6 6484 0
6 6485 1
6 6486 5
6 6488 5
6 6489 3
6 6491 0
6 6494 4
6 6495 4
6 6496 1
6 6498 4
6 6501 2
6 6504 4
6 6507 5
6 6508 5
6 6511 3
6 6516 0
6 6522 3
6 6523 0
6 6524 0
6 6525 4
6 6526 2
6 6530 3
6 6531 1
6 6533 3
6 6534 0
6 6536 0
6 6538 4
6 6542 2
6 6544 5
6 6545 5
6 6547 1
6 6548 3
6 6551 3
6 6552 5
6 6555 1
6 6557 0
6 6558 5
6 6561 5
6 6565 2
6 6569 4
6 6571 3
6 6576 2
6 6577 0
6 6578 0
6 6580 0
6 6582 2
6 6583 3
6 6584 0
6 6585 3
6 6588 4
6 6589 4
6 6590 3
6 6591 1
6 6592 0
6 6595 3
6 6597 3
6 6599 2
6 6600 1
6 6602 2
6 6604 1
6 6605 5
6 6607 5
6 6608 2
6 6612 4
6 6616 5
6 6620 4
6 6621 5
6 6622 3
6 6623 4
6 6624 3
6 6627 5
6 6629 5
6 6632 3
6 6636 2
6 6641 2
6 6646 4
6 6648 1
6 6649 1
6 6652 4
6 6653 2
6 6655 3
6 6656 4
6 6657 5
6 6659 1
6 6661 2
6 6664 0
6 6666 2
6 6668 2
6 6671 5
6 6672 5
6 6673 0
6 6678 4
6 6682 4
6 6689 3
6 6693 2
6 6698 5
6 6699 0
6 6700 3
6 6701 5
6 6702 5
6 6707 0
6 6709 5
6 6710 4
6 6718 4
6 6722 4
6 6724 4
6 6726 1
6 6731 2
6 6732 2
6 6733 1
6 6735 1
6 6737 0
6 6738 4
6 6741 4
6 6742 2
6 6749 3
6 6751 0
6 6753 2
6 6754 3
6 6755 3
6 6756 0
6 6757 5
6 6760 1
6 6762 2
6 6763 3
6 6764 2
6 6767 1
6 6768 3
6 6769 3
6 6770 3
6 6771 3
6 6772 5
6 6773 0
6 6776 5
6 6778 4
6 6779 2
6 6780 1
6 6781 4
6 6782 0
6 6783 1
6 6784 3
6 6785 3
6 6787 0
6 6788 4
6 6789 3
6 6793 0
6 6795 4
6 6796 1
6 6797 3
6 6803 3
6 6806 2
6 6808 3
6 6810 0
6 6814 2
6 6816 1
6 6817 1
6 6819 3
6 6820 0
6 6823 5
6 6824 3
6 6828 4
6 6829 4
6 6831 2
6 6833 5
6 6834 3
6 6836 1
6 6838 3
6 6839 1
6 6846 2
6 6848 4
6 6849 1
6 6854 2
6 6855 2
6 6857 5
6 6860 0
6 6862 1
6 6863 3
6 6864 3
6 6865 5
6 6869 1
6 6871 2
6 6872 2
6 6875 2
6 6879 1
6 6881 5
6 6882 2
6 6883 1
6 6889 5
6 6891 2
6 6893 3
6 6898 0
6 6902 1
6 6905 3
6 6911 4
6 6914 3
6 6921 3
6 6923 0
6 6925 4
6 6930 4
6 6934 3
6 6935 1
6 6936 4
6 6940 0
6 6941 1
6 6942 1
6 6943 1
6 6945 0
6 6947 4
6 6949 4
6 6950 1
6 6955 0
6 6956 3
6 6957 1
6 6958 3
6 6959 3
6 6960 2
6 6964 1
6 6965 5
6 6969 5
6 6973 4
6 6974 1
6 6979 2
6 6984 2
6 6986 1
6 6987 2
6 6990 1
6 6991 0
6 6993 2
6 6995 5
6 6998 5
6 6999 5
6 7001 5
6 7002 3
6 7004 4
6 7007 0
6 7012 3
6 7013 3
6 7016 4
6 7018 4
6 7020 1
6 7023 2
6 7024 2
6 7025 1
6 7026 1
6 7029 1
6 7030 0
6 7033 4
6 7035 5
6 7037 3
6 7038 5
6 7043 1
6 7044 0
6 7046 2
6 7051 0
6 7052 0
6 7056 1
6 7058 0
6 7062 1
6 7063 1
6 7066 2
6 7067 4
6 7068 0
6 7070 4
6 7077 2
6 7082 2
6 7084 2
6 7086 0
6 7088 5
6 7089 1
6 7091 1
6 7094 0
6 7097 4
6 7100 1
6 7101 3
6 7102 3
6 7103 2
6 7106 5
6 7110 5
6 7115 3
6 7117 2
6 7119 4
6 7123 0
6 7126 0
6 7128 2
6 7129 1
6 7136 0
6 7140 0
6 7141 0
6 7142 2
6 7144 4
6 7149 4
6 7151 0
6 7157 3
6 7160 2
6 7162 4
6 7163 3
6 7164 2
6 7165 1
6 7166 0
6 7169 0
6 7170 3
6 7172 2
6 7173 4
6 7174 5
6 7176 3
6 7178 1
6 7179 3
6 7180 1
6 7181 1
6 7184 4
6 7188 1
6 7190 4
6 7191 1
6 7195 3
6 7196 0
6 7197 5
6 7198 2
6 7199 1
6 7200 0
6 7202 3
6 7205 4
6 7207 0
6 7208 5
6 7209 2
6 7215 1
6 7216 5
6 7219 5
6 7220 1
6 7225 1
6 7230 0
6 7233 3
6 7235 2
6 7238 3
6 7242 5
6 7245 4
6 7246 4
6 7247 2
6 7248 0
6 7250 3
6 7253 5
6 7257 5
6 7258 5
6 7260 5
6 7263 1
6 7267 0
6 7277 0
6 7280 4
6 7282 1
6 7285 0
6 7288 5
6 7289 2
6 7291 4
6 7305 2
6 7307 3
6 7309 3
6 7310 1
6 7314 1
6 7316 0
6 7322 0
6 7323 1
6 7324 2
6 7326 2
6 7328 5
6 7330 4
6 7333 4
6 7336 1
6 7337 5
6 7341 5
6 7342 0
6 7347 3
6 7350 4
6 7351 4
6 7356 1
6 7358 4
6 7360 5
6 7362 0
6 7364 2
6 7365 5
6 7374 0
6 7378 5
6 7379 5
6 7381 3
6 7385 0
6 7389 2
6 7391 2
6 7392 2
6 7393 3
6 7398 2
6 7399 5
6 7400 2
6 7403 4
6 7408 2
6 7414 0
6 7415 3
6 7417 0
6 7421 5
6 7428 0
6 7436 4
6 7439 1
6 7443 1
6 7445 3
6 7448 3
6 7454 3
6 7455 3
6 7456 4
6 7457 0
6 7460 5
6 7465 3
6 7466 5
6 7468 2
6 7469 3
6 7472 0
6 7473 0
6 7478 5
6 7479 3
6 7480 2
6 7481 0
6 7482 5
6 7487 0
6 7488 1
6 7489 5
6 7491 0
6 7492 5
6 7495 0
6 7497 3
6 7506 4
6 7508 1
6 7509 0
6 7514 1
6 7515 4
6 7516 4
6 7518 1
6 7521 4
6 7524 2
6 7527 1
6 7531 0
6 7537 3
6 7538 1
6 7541 1
6 7543 4
6 7545 0
6 7548 0
6 7549 2
6 7551 3
6 7553 1
6 7555 3
6 7558 0
6 7563 5
6 7570 3
6 7571 4
6 7573 1
6 7577 4
6 7578 0
6 7584 5
6 7587 2
6 7593 0
6 7594 1
6 7598 0
6 7603 1
6 7604 5
6 7606 1
6 7607 2
6 7608 3
6 7609 5
6 7612 5
6 7615 5
6 7617 3
6 7618 3
6 7620 0
6 7621 1
6 7622 5
6 7625 3
6 7626 0
6 7628 3
6 7629 5
6 7634 3
6 7635 5
6 7636 0
6 7639 0
6 7643 1
6 7644 4
6 7645 5
6 7648 3
6 7649 1
6 7650 4
6 7654 1
6 7656 1
6 7658 0
6 7666 4
6 7669 5
6 7672 5
6 7679 5
6 7680 1
6 7681 0
6 7684 2
6 7688 1
6 7690 5
6 7692 3
6 7697 0
6 7698 0
6 7699 2
6 7709 1
6 7710 5
6 7717 1
6 7718 2
6 7721 4
6 7722 0
6 7724 1
6 7729 3
6 7732 2
6 7735 4
6 7736 4
6 7737 2
6 7738 4
6 7741 3
6 7742 5
6 7744 2
6 7745 3
6 7746 2
6 7751 4
6 7752 2
6 7753 1
6 7755 1
6 7758 0
6 7761 5
6 7765 2
6 7767 3
6 7768 2
6 7775 1
6 7780 1
6 7782 3
6 7785 0
6 7787 3
6 7788 2
6 7794 1
6 7798 5
6 7801 1
6 7803 3
6 7806 4
6 7807 3
6 7808 3
6 7809 1
6 7810 3
6 7823 5
6 7825 1
6 7832 4
6 7833 2
6 7834 3
6 7835 5
6 7837 4
6 7838 2
6 7841 0
6 7844 4
6 7849 0
6 7850 5
6 7856 1
6 7858 3
6 7860 0
6 7866 2
6 7870 5
6 7873 3
6 7875 5
6 7877 3
6 7878 4
6 7883 1
6 7885 1
6 7887 4
6 7888 5
6 7889 1
6 7890 5
6 7891 3
6 7893 3
6 7897 3
6 7899 3
6 7902 1
6 7907 2
6 7908 3
6 7910 1
6 7914 0
6 7916 1
6 7919 3
6 7925 4
6 7929 3
6 7930 5
6 7933 1
6 7934 0
6 7936 2
6 7938 1
6 7940 2
6 7944 5
6 7945 2
6 7948 1
6 7949 0
6 7950 5
6 7952 0
6 7956 0
6 7957 0
6 7959 4
6 7961 5
6 7967 4
6 7968 3
6 7970 4
6 7972 3
6 7973 1
6 7974 2
6 7975 2
6 7980 5
6 7984 2
6 7985 2
6 7987 0
6 7991 2
6 7993 3
6 7994 0
6 7996 5
6 7999 3
6 8000 3
6 8003 1
6 8009 2
6 8014 1
6 8016 2
6 8020 0
6 8029 1
6 8031 4
6 8033 5
6 8034 3
6 8036 5
6 8037 2
6 8042 1
6 8043 5
6 8048 3
6 8051 5
6 8053 1
6 8057 1
6 8061 5
6 8062 4
6 8068 3
6 8073 0
6 8075 3
6 8080 3
6 8084 3
6 8093 4
6 8099 5
6 8100 2
6 8101 0
6 8107 5
6 8108 1
6 8109 1
6 8111 0
6 8113 4
6 8116 3
6 8117 1
6 8120 5
6 8121 4
6 8126 4
6 8127 0
6 8129 1
6 8130 2
6 8133 2
6 8139 5
6 8142 4
6 8147 0
6 8148 1
6 8149 1
6 8150 5
6 8152 4
6 8155 2
6 8157 4
6 8159 3
6 8161 5
6 8164 4
6 8166 3
6 8167 5
6 8168 5
6 8170 2
6 8172 3
6 8174 4
6 8177 4
6 8178 4
6 8179 4
6 8180 4
6 8183 4
6 8188 0
6 8195 4
6 8196 5
6 8197 0
6 8204 1
6 8209 3
6 8213 2
6 8218 0
6 8223 1
6 8227 4
6 8228 0
6 8230 4
6 8233 0
6 8237 1
6 8238 5
6 8239 4
6 8241 1
6 8260 2
6 8261 1
6 8266 0
6 8268 4
6 8269 0
6 8272 4
6 8281 2
6 8287 0
6 8288 3
6 8289 2
6 8291 5
6 8306 5
6 8309 3
6 8315 4
6 8320 2
6 8322 2
6 8326 0
6 8327 0
6 8328 5
6 8331 3
6 8333 0
6 8338 5
6 8339 5
6 8343 2
6 8344 4
6 8348 5
6 8350 0
6 8351 4
6 8352 2
6 8355 4
6 8357 5
6 8361 0
6 8363 2
6 8364 3
6 8375 4
6 8385 3
6 8386 3
6 8388 4
6 8389 5
6 8390 2
6 8391 3
6 8404 3
6 8405 0
6 8406 1
6 8408 0
6 8413 0
6 8414 3
6 8417 4
6 8420 1
6 8422 4
6 8425 1
6 8427 3
6 8429 0
6 8433 1
6 8435 5
6 8436 5
6 8437 1
6 8438 5
6 8441 2
6 8442 2
6 8444 5
6 8447 2
6 8450 5
6 8455 3
6 8457 1
6 8459 1
6 8463 3
6 8465 3
6 8466 5
6 8469 3
6 8472 5
6 8477 3
6 8479 1
6 8487 4
6 8488 4
6 8491 3
6 8492 1
6 8495 1
6 8512 2
6 8515 1
6 8517 3
6 8518 3
6 8519 3
6 8521 3
6 8526 2
6 8529 1
6 8533 5
6 8534 5
6 8541 2
6 8542 5
6 8544 5
6 8545 3
6 8564 0
6 8565 2
6 8568 0
6 8571 4
6 8572 4
6 8573 5
6 8576 2
6 8578 3
6 8580 2
6 8591 2
6 8595 5
6 8596 3
6 8600 4
6 8609 0
6 8610 0
6 8614 0
6 8616 5
6 8624 2
6 8628 1
6 8632 0
6 8633 5
6 8638 3
6 8640 3
6 8649 0
6 8650 3
6 8667 5
6 8674 5
6 8677 2
6 8679 3
6 8682 0
6 8683 5
6 8686 5
6 8692 4
6 8707 5
6 8712 1
6 8714 5
6 8722 5
6 8731 2
6 8736 1
6 8746 2
6 8747 4
6 8748 5
6 8750 3
6 8755 4
6 8761 0
6 8765 0
6 8767 5
6 8772 1
6 8784 2
6 8788 2
6 8790 0
6 8791 2
6 8793 3
6 8795 5
6 8804 4
6 8806 3
6 8809 5
6 8812 5
6 8813 4
6 8815 1
6 8817 1
6 8822 2
6 8823 0
6 8829 4
6 8830 2
6 8834 1
6 8836 3
6 8851 3
6 8853 2
6 8854 2
6 8874 4
6 8875 2
6 8882 5
6 8886 4
6 8891 4
6 8896 5
6 8899 5
6 8901 2
6 8906 1
6 8915 5
6 8917 5
6 8919 1
6 8924 5
6 8928 2
6 8931 3
6 8932 4
6 8944 2
6 8948 2
6 8949 3
6 8956 4
6 8957 1
6 8962 0
6 8971 3
6 8972 4
6 8973 0
6 8991 5
6 8993 3
6 8994 1
6 8997 3
6 9002 4
6 9011 4
6 9015 1
6 9019 3
6 9021 4
6 9022 5
6 9023 3
6 9029 0
6 9033 5
6 9034 3
6 9037 0
6 9039 1
6 9044 3
6 9048 2
6 9051 0
6 9067 0
6 9072 0
6 9080 2
6 9096 3
6 9102 2
6 9111 5
6 9112 3
6 9113 5
6 9115 3
6 9119 2
6 9121 4
6 9125 1
6 9126 3
6 9132 4
6 9141 5
6 9143 3
6 9145 4
6 9150 3
6 9151 0
6 9155 5
6 9158 1
6 9159 2
6 9172 5
6 9173 2
6 9175 0
6 9177 3
6 9178 4
6 9181 0
6 9182 3
6 9183 5
6 9190 3
6 9194 2
6 9195 3
6 9201 4
6 9202 5
6 9203 0
6 9205 0
6 9210 4
6 9211 2
6 9215 1
6 9216 4
6 9218 5
6 9219 4
6 9226 4
6 9257 0
6 9259 4
6 9265 3
6 9271 2
6 9274 2
6 9275 5
6 9282 2
6 9287 1
6 9289 2
6 9291 3
6 9295 1
6 9296 1
6 9302 5
6 9305 5
6 9309 2
6 9315 5
6 9318 1
6 9325 1
6 9331 1
6 9341 1
6 9362 1
6 9367 4
6 9371 3
6 9372 1
6 9379 2
6 9387 3
6 9392 5
6 9404 1
6 9406 0
6 9421 5
6 9431 5
6 9433 5
6 9436 5
6 9437 3
6 9446 4
6 9452 1
6 9456 2
6 9457 1
6 9459 3
6 9460 0
6 9462 0
6 9480 2
6 9495 4
6 9497 3
6 9503 2
6 9513 1
6 9515 1
6 9528 1
6 9529 2
6 9531 1
6 9539 3
6 9542 3
6 9543 4
6 9545 5
6 9552 5
6 9560 3
6 9567 2
6 9569 5
6 9571 4
6 9573 1
6 9581 5
6 9585 0
6 9602 1
6 9606 2
6 9609 1
6 9610 2
6 9628 5
6 9642 0
6 9644 4
6 9646 2
6 9649 5
6 9650 5
6 9656 1
6 9658 3
6 9661 2
6 9670 3
6 9685 4
6 9692 4
6 9693 2
6 9718 2
6 9741 3
6 9743 1
6 9744 2
6 9747 1
6 9750 4
6 9751 4
6 9752 4
6 9755 0
6 9772 3
6 9778 0
6 9787 5
6 9796 0
6 9802 4
6 9804 1
6 9821 1
6 9835 3
6 9841 5
6 9850 0
6 9865 5
6 9870 2
6 9871 3
6 9879 3
6 9880 3
6 9881 5
6 9892 0
6 9893 5
6 9913 5
6 9918 2
6 9927 2
6 9938 4
6 9944 5
6 9945 4
6 9950 1
6 9957 2
6 9966 5
6 9971 3
6 9972 5
6 9978 1
6 9980 5
6 9986 0
6 9996 4
6 10000 2
6 10003 2
6 10012 0
6 10015 5
6 10020 3
6 10032 3
6 10037 0
6 10046 4
6 10051 1
6 10058 1
6 10060 3
6 10061 3
6 10062 4
6 10063 2
6 10064 5
6 10070 4
6 10076 5
6 10079 0
6 10084 2
6 10091 1
6 10095 3
6 10100 4
6 10102 0
6 10117 0
6 10129 4
6 10136 1
6 10164 2
6 10167 3
6 10169 1
6 10171 1
6 10186 5
6 10192 2
6 10197 0
6 10220 2
6 10232 1
6 10239 5
6 10256 3
6 10259 3
6 10263 4
6 10281 3
6 10298 4
6 10302 5
6 10326 5
6 10333 3
6 10346 0
6 10349 5
6 10350 1
6 10355 1
6 10359 4
6 10372 4
6 10374 3
6 10393 1
6 10397 4
6 10398 5
6 10399 5
6 10405 2
6 10414 4
6 10432 3
6 10439 2
6 10451 5
6 10486 1
6 10490 5
6 10503 1
6 10508 2
6 10509 4
6 10512 3
6 10514 5
6 10521 1
6 10525 1
6 10529 3
6 10543 2
6 10546 0
6 10551 4
6 10565 5
6 10567 3
6 10577 5
6 10580 1
6 10582 5
6 10583 1
6 10585 4
6 10592 0
6 10597 4
6 10606 4
6 10612 0
6 10620 1
6 10628 2
6 10632 2
6 10633 1
6 10635 0
6 10637 1
6 10652 5
6 10687 4
6 10692 5
6 10701 5
6 10704 2
6 10705 1
6 10708 1
6 10725 0
6 10728 4
6 10729 2
6 10732 2
6 10738 1
6 10749 5
6 10756 3
6 10766 2
6 10778 4
6 10785 4
6 10789 4
6 10799 0
6 10803 2
6 10808 1
6 10821 4
6 10832 3
6 10837 5
6 10838 3
6 10839 0
6 10841 1
6 10855 0
6 10865 2
6 10883 5
6 10901 0
6 10907 3
6 10925 0
6 10938 1
6 10945 1
6 10967 0
6 10972 2
6 10980 5
6 10986 0
6 10988 1
6 10992 0
6 10996 1
6 10998 5
6 11012 4
6 11017 0
6 11043 5
6 11060 3
6 11071 1
6 11075 3
6 11081 1
6 11082 5
6 11096 5
6 11117 4
6 11132 5
6 11142 0
6 11181 5
6 11189 4
6 11193 4
6 11197 2
6 11201 0
6 11211 2
6 11221 3
6 11222 0
6 11227 5
6 11230 0
6 11240 3
6 11243 1
6 11245 5
6 11253 1
6 11256 0
6 11264 1
6 11276 3
6 11281 1
6 11292 1
6 11309 5
6 11365 2
6 11366 1
6 11369 1
6 11373 3
6 11380 5
6 11422 1
6 11430 0
6 11463 3
6 11479 2
6 11498 1
6 11523 1
6 11531 0
6 11532 5
6 11534 2
6 11537 0
6 11566 2
6 11584 5
6 11591 5
6 11595 1
6 11600 0
6 11609 0
6 11616 0
6 11619 5
6 11625 2
6 11628 4
6 11629 3
6 11642 5
6 11649 1
6 11659 2
6 11667 2
6 11677 5
6 11703 4
6 11730 5
6 11789 1
6 11792 4
6 11812 4
6 11819 2
6 11821 3
6 11822 2
6 11850 3
6 11851 0
6 11869 3
6 11870 2
6 11871 0
6 11873 2
6 11880 4
6 11901 1
6 11908 5
6 11945 3
6 11946 5
6 11963 5
6 11982 1
6 11984 5
6 11992 5
6 11993 5
6 12006 4
6 12013 4
6 12019 2
6 12020 1
6 12023 5
6 12100 1
6 12140 3
6 12141 4
6 12183 3
6 12188 5
6 12193 1
6 12213 0
6 12222 3
6 12239 3
6 12257 5
6 12270 1
6 12307 1
6 12311 4
6 12313 1
6 12323 4
6 12358 0
6 12359 5
6 12372 0
6 12388 5
6 12391 2
6 12400 5
6 12402 1
6 12408 2
6 12411 4
6 12432 3
6 12437 3
6 12454 0
6 12493 5
6 12549 0
6 12561 1
6 12594 3
6 12595 0
6 12657 1
6 12678 5
6 12680 2
6 12698 1
6 12723 0
6 12738 5
6 12741 5
6 12762 3
6 12784 5
6 12786 4
6 12795 1
6 12803 2
6 12808 1
6 12817 2
6 12831 2
6 12844 1
6 12847 1
6 12850 1
6 12860 4
6 12868 5
6 12877 0
6 12890 0
6 12920 5
6 12922 2
6 12942 2
6 12944 4
6 12945 2
6 12956 5
6 12960 5
6 12968 1
6 12975 0
6 12985 1
6 12991 5
6 12998 2
6 13017 2
6 13046 5
6 13052 5
6 13082 3
6 13090 0
6 13180 2
6 13249 0
6 13274 4
6 13289 2
6 13293 0
6 13297 4
6 13331 5
6 13411 2
6 13455 2
6 13483 5
6 13536 5
6 13559 0
6 13574 3
6 13592 4
6 13603 5
6 13609 0
6 13631 2
6 13635 3
6 13659 2
6 13676 5
6 13698 5
6 13712 2
6 13745 2
6 13769 3
6 13778 4
6 13794 2
6 13828 4
6 13838 5
6 13864 2
6 13868 1
6 13874 5
6 13915 1
6 13926 2
6 13927 3
6 13954 5
6 13966 0
6 14098 1
6 14134 0
6 14160 4
6 14256 4
6 14265 5
6 14284 2
6 14335 1
6 14394 0
6 14440 3
6 14478 1
6 14556 4
6 14688 1
6 14746 0
6 14777 1
6 14849 5
6 14852 4
6 14861 1
6 14867 4
6 14869 3
6 14907 1
6 14908 1
6 14964 3
6 15027 4
6 15093 0
6 15134 5
6 15177 5
6 15225 2
6 15238 5
6 15302 0
6 15309 1
6 15347 3
6 15363 3
6 15364 2
6 15401 2
6 15435 2
6 15436 4
6 15494 2
6 15630 0
6 15637 1
6 15654 4
6 15681 3
6 15682 4
6 15734 4
6 15787 1
6 15806 5
6 15862 5
6 15871 5
6 15895 0
6 15937 3
6 15939 3
6 15973 0
6 15985 0
6 16019 5
6 16070 1
6 16132 3
6 16141 4
6 16212 4
6 16268 5
6 16286 5
6 16421 1
6 16440 4
6 16484 4
6 16501 1
6 16517 0
6 16605 3
6 16616 0
6 16643 5
6 16666 3
6 16681 4
6 16761 2
6 16890 3
6 16906 1
6 16919 2
6 16926 2
6 16986 0
6 17001 5
6 17124 3
6 17184 1
6 17190 4
6 17248 3
6 17272 2
6 17276 5
6 17307 0
6 17334 3
6 17367 4
6 17373 2
6 17512 5
6 17628 2
6 17668 4
6 17676 1
6 17723 0
6 17758 1
7 0 1
7 1 2
7 2 0
7 3 5
7 4 0
7 5 2
7 6 4
7 7 4
7 8 1
7 9 0
7 10 5
7 11 0
7 12 1
7 13 2
7 14 4
7 15 1
7 16 4
7 17 4
7 18 4
7 19 3
7 20 3
7 21 5
7 22 0
7 23 4
7 24 3
7 25 3
7 26 1
7 27 0
7 28 3
7 29 1
7 30 0
7 31 4
7 32 3
7 33 5
7 34 3
7 35 1
7 36 1
7 37 2
7 38 0
7 39 2
7 40 5
7 41 1
7 42 1
7 43 1
7 44 5
7 45 4
7 46 1
7 47 0
7 48 3
7 49 3
7 50 1
7 51 3
7 52 0
7 53 2
7 54 0
7 55 1
7 56 1
7 57 3
7 58 0
7 59 3
7 60 1
7 61 3
7 62 4
7 63 2
7 64 0
7 65 0
7 66 1
7 67 2
7 68 5
7 69 2
7 70 0
7 71 0
7 72 1
7 73 0
7 74 4
7 75 0
7 76 1
7 77 3
7 78 0
7 79 4
7 80 4
7 81 4
7 82 1
7 83 1
7 84 1
7 85 3
7 86 1
7 87 5
7 88 1
7 89 0
7 90 0
7 91 1
7 92 4
7 93 5
7 94 1
7 95 3
7 96 0
7 97 5
7 98 2
7 99 1
7 100 3
7 101 1
7 102 5
7 103 0
7 104 5
7 105 0
7 106 3
7 107 4
7 108 5
7 109 1
7 110 3
7 111 2
7 112 5
7 113 2
7 114 2
7 115 0
7 116 2
7 117 2
7 118 4
7 119 0
7 120 3
7 121 5
7 122 1
7 123 1
7 124 1
7 125 2
7 126 3
7 127 3
7 128 5
7 129 1
7 130 5
7 131 1
7 132 0
7 133 3
7 134 5
7 135 1
7 136 2
7 137 0
7 138 2
7 139 1
7 140 3
7 141 1
7 142 4
7 143 1
7 144 2
7 145 2
7 146 1
7 147 1
7 148 4
7 149 4
7 150 3
7 151 4
7 152 0
7 153 2
7 154 0
7 155 3
7 156 3
7 157 2
7 158 4
7 159 2
7 160 0
7 161 0
7 162 1
7 163 1
7 164 1
7 165 0
7 166 5
7 167 0
7 168 0
7 169 0
7 170 2
7 171 2
7 172 2
7 173 3
7 174 2
7 175 0
7 176 1
7 177 2
7 178 4
7 179 5
7 180 2
7 181 4
7 182 5
7 183 5
7 184 5
7 185 4
7 186 3
7 187 2
7 188 0
7 189 5
7 190 3
7 191 5
7 192 1
7 193 5
7 194 2
7 195 2
7 196 5
7 197 3
7 198 3
7 199 1
7 200 0
7 201 4
7 202 1
7 203 4
7 204 5
7 205 2
7 206 5
7 207 2
7 208 3
7 209 4
7 210 2
7 211 0
7 212 3
7 213 5
7 214 1
7 215 0
7 216 2
7 217 3
7 218 5
7 219 2
7 220 2
7 221 3
7 222 1
7 223 1
7 224 3
7 225 5
7 226 4
7 227 1
7 228 5
7 229 1
7 230 1
7 231 0
7 232 2
7 233 0
7 234 2
7 235 3
7 236 4
7 237 5
7 238 3
7 239 0
7 240 4
7 241 5
7 242 2
7 243 2
7 244 4
7 245 2
7 246 3
7 247 4
7 248 2
7 249 4
7 250 2
7 251 0
7 252 5
7 253 3
7 254 0
7 255 5
7 256 5
7 257 5
7 258 2
7 259 1
7 260 2
7 261 3
7 262 3
7 263 5
7 264 2
7 265 0
7 266 1
7 267 4
7 268 0
7 269 3
7 270 0
7 271 2
7 272 3
7 273 2
7 274 1
7 275 4
7 276 1
7 277 2
7 278 0
7 279 4
7 280 4
7 281 0
7 282 5
7 283 1
7 284 0
7 285 4
7 286 2
7 287 1
7 288 3
7 289 4
7 290 0
7 291 4
7 292 1
7 293 2
7 294 0
7 295 5
7 296 2
7 297 4
7 298 1
7 299 2
7 300 4
7 301 0
7 302 0
7 303 2
7 304 2
7 305 4
7 306 0
7 307 4
7 308 2
7 309 0
7 310 0
7 311 5
7 312 3
7 313 5
7 314 1
7 315 4
7 316 3
7 317 1
7 318 1
7 319 1
7 320 5
7 321 0
7 322 5
7 323 0
7 324 4
7 325 0
7 326 5
7 327 3
7 328 2
7 329 1
7 330 3
7 331 4
7 332 3
7 333 0
7 334 3
7 335 2
7 336 2
7 337 3
7 338 4
7 339 2
7 340 3
7 341 0
7 342 4
7 343 0
7 344 5
7 345 5
7 346 0
7 347 2
7 348 5
7 349 0
7 350 2
7 351 0
7 352 3
7 353 3
7 354 5
7 355 4
7 356 0
7 357 4
7 358 2
7 359 4
7 360 1
7 361 4
7 362 2
7 363 3
7 364 2
7 365 2
7 366 2
7 367 2
7 368 5
7 369 0
7 370 4
7 371 3
7 372 3
7 373 4
7 374 2
7 375 2
7 376 0
7 377 1
7 378 0
7 379 4
7 380 2
7 381 4
7 382 1
7 383 1
7 384 2
7 385 5
7 386 1
7 387 0
7 388 1
7 389 4
7 390 2
7 391 1
7 392 1
7 393 5
7 394 5
7 395 1
7 396 2
7 397 2
7 398 2
7 399 0
7 400 3
7 401 2
7 402 0
7 403 5
7 404 2
7 405 4
7 406 1
7 407 0
7 408 3
7 409 3
7 410 5
7 411 4
7 412 1
7 413 2
7 414 1
7 415 4
7 416 0
7 417 0
7 418 0
7 419 3
7 420 5
7 421 1
7 422 3
7 423 4
7 424 1
7 425 5
7 426 1
7 427 3
7 428 5
7 429 4
7 430 4
7 431 2
7 432 3
7 433 3
7 434 4
7 435 3
7 436 4
7 437 4
7 438 5
7 439 5
7 440 0
7 441 2
7 442 5
7 443 0
7 444 2
7 445 2
7 446 5
7 447 3
7 448 3
7 449 0
7 450 2
7 451 2
7 452 5
7 453 2
7 454 5
7 455 2
7 456 1
7 457 5
7 458 5
7 459 1
7 460 0
7 461 3
7 462 0
7 463 3
7 464 1
7 465 3
7 466 0
7 467 1
7 468 5
7 469 4
7 470 0
7 471 3
7 472 1
7 473 5
7 474 5
7 475 1
7 476 3
7 477 1
7 478 0
7 479 4
7 480 0
7 481 3
7 482 2
7 483 3
7 484 0
7 485 4
7 486 1
7 487 4
7 488 0
7 489 4
7 490 3
7 491 0
7 492 1
7 493 4
7 494 1
7 495 1
7 496 4
7 497 2
7 498 4
7 499 3
7 500 2
7 501 5
7 502 4
7 503 5
7 504 2
7 505 2
7 506 4
7 507 3
7 508 1
7 509 0
7 510 1
7 511 5
7 512 2
7 513 1
7 514 5
7 515 1
7 516 2
7 517 1
7 518 1
7 519 2
7 520 1
7 521 5
7 522 1
7 523 0
7 524 4
7 525 1
7 526 5
7 527 4
7 528 3
7 529 1
7 530 5
7 531 1
7 532 4
7 533 3
7 534 2
7 535 5
7 536 3
7 537 4
7 538 2
7 539 5
7 540 1
7 541 0
7 542 3
7 543 4
7 544 2
7 545 0
7 546 2
7 547 5
7 548 2
7 549 1
7 550 0
7 552 0
7 553 1
7 554 0
7 555 3
7 556 0
7 557 1
7 558 1
7 559 1
7 560 1
7 561 2
7 562 1
7 563 5
7 564 3
7 565 2
7 566 1
7 567 0
7 568 5
7 569 0
7 570 2
7 571 4
7 572 5
7 573 2
7 574 5
7 575 0
7 576 4
7 577 4
7 578 0
7 579 2
7 580 2
7 581 0
7 582 1
7 583 2
7 584 3
7 585 4
7 586 0
7 587 5
7 588 3
7 589 3
7 590 5
7 591 3
7 592 5
7 593 2
7 594 1
7 595 4
7 596 0
7 597 2
7 598 1
7 599 3
7 600 4
7 601 0
7 602 4
7 603 0
7 604 5
7 605 5
7 606 1
7 607 0
7 608 0
7 609 2
7 610 4
7 611 4
7 612 0
7 613 0
7 614 0
7 615 2
7 616 4
7 617 2
7 618 2
7 619 0
7 620 1
7 621 4
7 622 0
7 623 5
7 624 1
7 625 0
7 626 5
7 627 0
7 628 0
7 629 2
7 630 3
7 631 3
7 632 2
7 633 5
7 634 2
7 635 3
7 636 3
7 637 3
7 638 5
7 639 0
7 640 5
7 641 4
7 642 4
7 643 5
7 644 4
7 645 1
7 646 2
7 647 5
7 648 2
7 649 1
7 650 5
7 651 0
7 652 5
7 653 5
7 654 2
7 655 2
7 656 3
7 657 2
7 658 3
7 659 1
7 660 2
7 661 0
7 662 4
7 663 0
7 664 5
7 665 2
7 666 2
7 667 2
7 668 4
7 669 0
7 670 2
7 671 3
7 672 2
7 673 1
7 674 4
7 675 1
7 676 4
7 677 4
7 678 5
7 679 3
7 680 1
7 681 2
7 682 1
7 684 4
7 685 2
7 686 5
7 687 1
7 688 0
7 689 2
7 690 0
7 691 5
7 692 4
7 693 0
7 694 4
7 695 3
7 696 0
7 697 5
7 698 1
7 699 1
7 700 4
7 701 5
7 702 4
7 703 2
7 704 5
7 705 0
7 706 0
7 707 4
7 708 2
7 709 4
7 710 1
7 711 1
7 712 1
7 713 5
7 714 2
7 715 5
7 716 0
7 717 5
7 718 5
7 720 1
7 721 2
7 722 5
7 723 0
7 724 1
7 725 4
7 726 0
7 727 2
7 728 0
7 729 1
7 730 3
7 731 5
7 733 1
7 734 3
7 735 2
7 736 4
7 737 2
7 738 1
7 739 3
7 740 4
7 741 1
7 742 2
7 743 1
7 744 1
7 745 4
7 746 2
7 747 4
7 748 0
7 749 4
7 750 4
7 751 4
7 752 3
7 753 2
7 754 4
7 755 4
7 756 2
7 757 4
7 758 4
7 759 0
7 760 2
7 761 2
7 762 0
7 763 5
7 764 3
7 765 5
7 766 4
7 767 3
7 768 1
7 769 3
7 770 1
7 771 5
7 772 2
7 773 0
7 774 2
7 775 2
7 776 2
7 777 1
7 778 2
7 779 0
7 780 5
7 781 3
7 782 4
7 783 1
7 784 2
7 785 0
7 786 1
7 787 5
7 788 3
7 789 4
7 790 3
7 791 4
7 792 3
7 793 3
7 794 2
7 795 4
7 796 0
7 797 2
7 798 0
7 799 3
7 800 4
7 801 2
7 802 5
7 803 0
7 804 3
7 805 2
7 806 0
7 807 5
7 808 3
7 809 1
7 810 4
7 811 2
7 813 3
7 814 0
7 815 3
7 816 5
7 817 1
7 818 4
7 819 4
7 820 0
7 821 2
7 823 5
7 824 3
7 825 2
7 826 0
7 827 3
7 828 1
7 829 1
7 830 0
7 831 2
7 832 2
7 833 5
7 834 0
7 835 0
7 836 4
7 837 5
7 838 0
7 839 0
7 840 5
7 841 2
7 842 1
7 843 4
7 844 2
7 845 1
7 846 0
7 847 4
7 848 3
7 849 4
7 850 0
7 851 4
7 852 0
7 853 5
7 854 5
7 855 4
7 856 1
7 857 1
7 858 5
7 859 1
7 860 1
7 861 2
7 862 4
7 863 2
7 864 0
7 865 1
7 866 0
7 867 5
7 868 3
7 869 1
7 870 5
7 871 3
7 872 0
7 873 5
7 874 5
7 875 1
7 876 2
7 877 5
7 878 0
7 879 2
7 880 5
7 881 4
7 882 1
7 883 2
7 884 5
7 885 3
7 886 5
7 887 3
7 888 5
7 889 1
7 890 3
7 891 0
7 892 1
7 893 0
7 894 0
7 895 5
7 896 5
7 897 3
7 898 5
7 899 3
7 900 5
7 901 2
7 902 2
7 903 5
7 905 5
7 906 4
7 907 4
7 908 2
7 909 5
7 910 1
7 911 4
7 912 1
7 913 2
7 914 4
7 915 0
7 916 4
7 917 2
7 918 4
7 919 3
7 921 4
7 922 3
7 923 1
7 924 5
7 925 2
7 926 3
7 927 4
7 928 5
7 929 1
7 930 1
7 931 1
7 932 3
7 933 3
7 934 0
7 935 0
7 936 0
7 937 1
7 938 2
7 939 4
7 940 3
7 941 0
7 942 3
7 943 2
7 944 4
7 945 2
7 946 1
7 947 0
7 948 4
7 949 2
7 950 3
7 951 4
7 952 1
7 953 1
7 954 5
7 955 0
7 956 4
7 958 1
7 959 0
7 960 4
7 961 2
7 962 0
7 963 2
7 964 5
7 965 5
7 967 5
7 968 3
7 969 2
7 970 1
7 971 4
7 972 3
7 973 5
7 974 0
7 975 1
7 976 3
7 977 4
7 978 1
7 979 1
7 981 0
7 982 2
7 983 2
7 984 5
7 985 0
7 986 1
7 987 3
7 988 2
7 989 3
7 990 1
7 991 5
7 992 5
7 993 5
7 994 0
7 995 3
7 996 5
7 997 3
7 998 1
7 999 3
7 1000 3
7 1001 0
7 1002 3
7 1003 2
7 1004 5
7 1005 1
7 1006 2
7 1007 2
7 1008 1
7 1009 4
7 1010 4
7 1011 4
7 1012 2
7 1013 3
7 1014 1
7 1015 1
7 1016 0
7 1017 2
7 1018 3
7 1019 0
7 1020 3
7 1021 4
7 1024 3
7 1026 4
7 1027 0
7 1028 5
7 1029 2
7 1030 3
7 1031 0
7 1032 3
7 1033 4
7 1034 5
7 1035 3
7 1036 3
7 1037 4
7 1038 0
7 1039 0
7 1040 5
7 1041 5
7 1042 3
7 1043 3
7 1044 2
7 1046 2
7 1047 3
7 1048 5
7 1049 5
7 1050 2
7 1051 0
7 1052 2
7 1054 2
7 1055 3
7 1056 5
7 1057 3
7 1058 3
7 1059 1
7 1060 5
7 1061 2
7 1062 3
7 1063 1
7 1064 0
7 1065 3
7 1066 2
7 1067 4
7 1068 3
7 1069 3
7 1070 1
7 1071 5
7 1072 5
7 1073 4
7 1074 1
7 1076 5
7 1078 5
7 1079 5
7 1080 5
7 1081 4
7 1082 5
7 1083 1
7 1084 5
7 1085 0
7 1086 0
7 1087 0
7 1088 4
7 1089 4
7 1090 5
7 1091 3
7 1092 4
7 1094 5
7 1095 0
7 1096 1
7 1097 2
7 1098 1
7 1099 3
7 1100 0
7 1101 4
7 1102 0
7 1103 3
7 1104 1
7 1105 0
7 1106 1
7 1107 2
7 1108 2
7 1109 4
7 1110 5
7 1111 1
7 1112 3
7 1113 3
7 1114 1
7 1115 4
7 1116 0
7 1117 1
7 1118 4
7 1119 0
7 1120 2
7 1122 4
7 1123 4
7 1124 0
7 1125 5
7 1126 2
7 1127 4
7 1128 2
7 1129 3
7 1131 5
7 1132 1
7 1133 2
7 1134 3
7 1135 1
7 1136 3
7 1137 3
7 1138 5
7 1139 4
7 1140 1
7 1141 3
7 1142 5
7 1143 5
7 1144 0
7 1145 0
7 1146 3
7 1147 3
7 1148 4
7 1149 0
7 1150 5
7 1151 1
7 1152 0
7 1153 2
7 1154 5
7 1155 5
7 1156 0
7 1157 1
7 1158 2
7 1159 5
7 1160 2
7 1161 1
7 1162 0
7 1163 1
7 1164 3
7 1165 4
7 1166 5
7 1167 2
7 1168 0
7 1169 2
7 1170 3
7 1171 2
7 1172 2
7 1173 2
7 1175 0
7 1176 2
7 1177 2
7 1178 3
7 1179 3
7 1180 2
7 1181 3
7 1182 1
7 1183 4
7 1184 1
7 1185 3
7 1187 3
7 1188 3
7 1189 2
7 1190 4
7 1191 1
7 1192 1
7 1193 0
7 1194 4
7 1195 3
7 1196 4
7 1197 5
7 1198 0
7 1199 5
7 1200 1
7 1201 5
7 1202 1
7 1203 0
7 1204 5
7 1205 4
7 1206 1
7 1207 1
7 1208 5
7 1209 3
7 1210 3
7 1211 4
7 1212 5
7 1213 3
7 1214 3
7 1215 1
7 1216 5
7 1217 2
7 1218 0
7 1219 1
7 1220 5
7 1221 2
7 1223 3
7 1224 4
7 1225 1
7 1226 1
7 1227 3
7 1228 5
7 1229 0
7 1230 0
7 1231 1
7 1232 4
7 1233 5
7 1234 3
7 1235 2
7 1236 1
7 1237 0
7 1238 5
7 1239 0
7 1240 5
7 1241 0
7 1242 0
7 1244 3
7 1245 5
7 1246 1
7 1247 5
7 1248 4
7 1249 3
7 1250 4
7 1251 4
7 1252 3
7 1253 1
7 1254 3
7 1256 4
7 1257 0
7 1258 2
7 1259 1
7 1260 4
7 1261 3
7 1262 1
7 1263 4
7 1264 2
7 1265 0
7 1266 4
7 1267 4
7 1269 0
7 1270 1
7 1271 3
7 1272 4
7 1273 4
7 1274 2
7 1275 4
7 1277 3
7 1278 2
7 1279 1
7 1280 0
7 1281 2
7 1283 1
7 1285 1
7 1286 0
7 1287 4
7 1288 3
7 1289 3
7 1291 5
7 1292 5
7 1293 2
7 1294 3
7 1295 4
7 1296 4
7 1297 1
7 1298 1
7 1299 2
7 1300 1
7 1301 0
7 1302 1
7 1303 2
7 1304 5
7 1306 5
7 1307 3
7 1308 0
7 1309 0
7 1310 1
7 1312 0
7 1313 0
7 1314 1
7 1315 3
7 1316 3
7 1317 5
7 1318 0
7 1319 0
7 1320 4
7 1321 0
7 1322 4
7 1324 5
7 1325 2
7 1326 0
7 1327 5
7 1328 2
7 1329 2
7 1331 2
7 1333 3
7 1334 5
7 1335 0
7 1336 5
7 1337 2
7 1338 5
7 1339 2
7 1340 2
7 1341 4
7 1342 5
7 1343 5
7 1344 1
7 1345 2
7 1346 3
7 1348 2
7 1349 2
7 1350 3
7 1351 1
7 1352 5
7 1353 0
7 1355 4
7 1356 0
7 1357 4
7 1358 0
7 1359 2
7 1361 1
7 1362 1
7 1363 3
7 1364 0
7 1365 0
7 1366 5
7 1367 2
7 1368 1
7 1369 4
7 1370 1
7 1371 3
7 1372 3
7 1373 1
7 1374 4
7 1375 2
7 1376 0
7 1377 1
7 1379 0
7 1380 5
7 1381 1
7 1382 4
7 1383 5
7 1384 1
7 1385 3
7 1386 2
7 1387 0
7 1388 3
7 1389 4
7 1390 2
7 1391 4
7 1392 3
7 1394 0
7 1395 4
7 1396 1
7 1397 1
7 1398 2
7 1399 5
7 1400 1
7 1401 0
7 1402 5
7 1403 2
7 1404 3
7 1405 4
7 1406 0
7 1407 0
7 1408 0
7 1409 0
7 1412 4
7 1413 1
7 1414 5
7 1415 3
7 1416 4
7 1417 5
7 1418 3
7 1419 0
7 1420 2
7 1421 1
7 1422 5
7 1423 0
7 1424 5
7 1425 3
7 1426 4
7 1427 0
7 1428 0
7 1429 1
7 1430 5
7 1431 4
7 1432 2
7 1433 4
7 1434 3
7 1435 0
7 1436 0
7 1437 4
7 1438 5
7 1439 5
7 1440 1
7 1441 3
7 1442 4
7 1443 5
7 1445 3
7 1446 4
7 1447 0
7 1448 4
7 1449 0
7 1450 1
7 1451 2
7 1453 5
7 1454 4
7 1455 0
7 1456 0
7 1457 5
7 1458 4
7 1459 2
7 1460 2
7 1461 0
7 1462 5
7 1463 1
7 1464 0
7 1465 5
7 1466 3
7 1467 2
7 1468 3
7 1469 3
7 1470 0
7 1471 4
7 1472 0
7 1473 2
7 1474 2
7 1476 0
7 1477 4
7 1478 1
7 1479 2
7 1480 4
7 1481 0
7 1483 5
7 1485 4
7 1488 4
7 1489 3
7 1490 0
7 1491 0
7 1492 2
7 1493 0
7 1494 0
7 1495 2
7 1496 5
7 1497 5
7 1498 4
7 1499 4
7 1501 1
7 1502 4
7 1503 5
7 1504 0
7 1505 1
7 1506 3
7 1507 0
7 1508 4
7 1509 4
7 1510 0
7 1511 0
7 1512 0
7 1513 2
7 1514 0
7 1515 3
7 1516 4
7 1517 5
7 1518 5
7 1519 0
7 1521 1
7 1522 0
7 1523 4
7 1524 4
7 1525 2
7 1526 2
7 1527 2
7 1528 3
7 1529 0
7 1530 3
7 1531 4
7 1532 3
7 1533 3
7 1534 0
7 1535 5
7 1536 4
7 1537 4
7 1538 2
7 1539 0
7 1541 1
7 1542 1
7 1543 3
7 1544 0
7 1545 1
7 1546 2
7 1547 2
7 1548 5
7 1549 1
7 1550 1
7 1551 1
7 1552 3
7 1553 1
7 1554 0
7 1555 3
7 1556 1
7 1558 2
7 1559 0
7 1561 4
7 1563 4
7 1565 3
7 1566 5
7 1567 2
7 1568 2
7 1569 1
7 1570 1
7 1571 2
7 1572 4
7 1573 4
7 1574 1
7 1578 3
7 1579 0
7 1580 0
7 1581 2
7 1583 0
7 1584 4
7 1585 1
7 1586 3
7 1587 4
7 1589 0
7 1590 2
7 1591 4
7 1592 5
7 1593 4
7 1594 5
7 1595 1
7 1596 5
7 1597 5
7 1599 2
7 1600 4
7 1601 0
7 1602 4
7 1603 0
7 1604 0
7 1605 1
7 1606 3
7 1607 1
7 1608 4
7 1609 5
7 1612 1
7 1613 4
7 1614 4
7 1615 3
7 1616 1
7 1618 0
7 1620 2
7 1622 5
7 1623 2
7 1625 0
7 1626 1
7 1628 5
7 1629 1
7 1630 1
7 1631 5
7 1632 5
7 1633 3
7 1635 0
7 1636 2
7 1637 5
7 1638 2
7 1639 4
7 1640 4
7 1642 2
7 1643 1
7 1644 0
7 1645 5
7 1646 4
7 1647 0
7 1648 1
7 1649 2
7 1650 1
7 1651 4
7 1652 4
7 1654 2
7 1655 0
7 1656 3
7 1657 5
7 1658 4
7 1659 4
7 1660 1
7 1661 5
7 1662 5
7 1663 3
7 1664 3
7 1665 5
7 1666 5
7 1667 0
7 1669 4
7 1670 2
7 1671 5
7 1672 3
7 1673 0
7 1674 5
7 1675 3
7 1676 1
7 1679 4
7 1680 5
7 1681 3
7 1682 5
7 1683 3
7 1684 5
7 1685 0
7 1687 2
7 1688 0
7 1690 2
7 1691 5
7 1692 3
7 1693 0
7 1694 3
7 1695 2
7 1696 2
7 1697 4
7 1698 0
7 1699 1
7 1700 3
7 1701 0
7 1702 4
7 1703 0
7 1704 2
7 1705 5
7 1706 0
7 1708 5
7 1709 1
7 1710 3
7 1712 5
7 1713 2
7 1714 4
7 1715 0
7 1716 2
7 1717 3
7 1718 5
7 1719 4
7 1720 3
7 1722 1
7 1723 4
7 1724 0
7 1725 1
7 1726 1
7 1727 2
7 1728 2
7 1729 5
7 1731 4
7 1732 0
7 1733 5
7 1734 3
7 1735 1
7 1736 5
7 1737 1
7 1738 1
7 1739 4
7 1740 2
7 1742 5
7 1743 4
7 1744 4
7 1745 0
7 1746 3
7 1747 3
7 1748 4
7 1749 3
7 1750 1
7 1751 5
7 1752 1
7 1753 4
7 1754 2
7 1755 4
7 1756 1
7 1757 3
7 1760 1
7 1761 4
7 1762 4
7 1763 4
7 1764 0
7 1766 5
7 1767 0
7 1768 2
7 1770 0
7 1771 4
7 1772 5
7 1774 2
7 1775 5
7 1776 3
7 1777 0
7 1778 0
7 1779 2
7 1780 2
7 1783 0
7 1784 5
7 1785 2
7 1786 1
7 1787 3
7 1788 0
7 1789 1
7 1790 0
7 1791 4
7 1792 1
7 1793 5
7 1794 0
7 1795 3
7 1797 0
7 1798 5
7 1799 2
7 1800 4
7 1801 0
7 1802 5
7 1803 1
7 1804 0
7 1805 4
7 1806 1
7 1807 5
7 1808 4
7 1809 0
7 1810 0
7 1811 3
7 1812 5
7 1813 3
7 1814 3
7 1816 5
7 1817 0
7 1818 5
7 1819 2
7 1821 2
7 1822 4
7 1823 5
7 1824 3
7 1826 0
7 1827 2
7 1828 0
7 1829 3
7 1830 1
7 1831 4
7 1832 4
7 1833 5
7 1834 3
7 1835 2
7 1836 2
7 1837 2
7 1838 5
7 1839 2
7 1840 4
7 1841 4
7 1842 2
7 1843 5
7 1844 3
7 1845 3
7 1846 3
7 1847 1
7 1848 2
7 1849 5
7 1850 2
7 1851 2
7 1852 1
7 1853 3
7 1854 1
7 1856 4
7 1857 1
7 1858 1
7 1859 2
7 1860 1
7 1861 2
7 1862 3
7 1863 5
7 1864 0
7 1866 2
7 1867 3
7 1868 1
7 1869 3
7 1870 3
7 1871 5
7 1872 1
7 1873 3
7 1874 2
7 1875 0
7 1876 0
7 1877 4
7 1878 1
7 1880 0
7 1882 5
7 1883 2
7 1884 0
7 1885 5
7 1886 3
7 1887 3
7 1888 2
7 1891 5
7 1892 2
7 1893 5
7 1895 0
7 1896 4
7 1897 1
7 1898 0
7 1900 2
7 1901 4
7 1902 1
7 1903 0
7 1904 2
7 1906 5
7 1907 4
7 1908 2
7 1909 2
7 1910 3
7 1912 2
7 1913 0
7 1914 2
7 1915 4
7 1916 2
7 1917 3
7 1918 3
7 1919 1
7 1921 0
7 1922 5
7 1923 3
7 1924 0
7 1925 1
7 1926 0
7 1928 0
7 1929 5
7 1930 2
7 1931 5
7 1932 3
7 1933 5
7 1934 5
7 1935 0
7 1936 4
7 1937 0
7 1938 4
7 1939 5
7 1941 2
7 1942 4
7 1945 5
7 1946 2
7 1948 1
7 1950 4
7 1952 5
7 1954 5
7 1955 2
7 1957 3
7 1958 1
7 1959 3
7 1960 5
7 1961 4
7 1962 0
7 1964 4
7 1965 3
7 1967 2
7 1969 1
7 1970 4
7 1971 5
7 1972 5
7 1973 1
7 1974 2
7 1975 5
7 1976 2
7 1977 1
7 1978 2
7 1979 2
7 1980 5
7 1981 4
7 1982 3
7 1984 1
7 1985 4
7 1986 3
7 1987 0
7 1988 1
7 1989 0
7 1990 3
7 1991 4
7 1992 0
7 1995 2
7 1997 2
7 1998 0
7 1999 2
7 2000 4
7 2001 0
7 2003 2
7 2004 4
7 2005 4
7 2006 1
7 2007 4
7 2011 3
7 2012 0
7 2013 5
7 2015 5
7 2016 2
7 2017 1
7 2018 2
7 2019 0
7 2020 5
7 2022 0
7 2023 5
7 2024 5
7 2025 4
7 2026 0
7 2028 1
7 2030 3
7 2031 5
7 2032 2
7 2033 2
7 2034 2
7 2035 3
7 2036 0
7 2037 5
7 2038 0
7 2039 5
7 2040 5
7 2041 1
7 2043 1
7 2044 3
7 2046 5
7 2047 3
7 2049 0
7 2050 1
7 2051 4
7 2052 3
7 2053 4
7 2054 0
7 2055 5
7 2056 4
7 2057 1
7 2058 5
7 2059 5
7 2060 3
7 2061 2
7 2062 5
7 2064 0
7 2065 2
7 2066 1
7 2067 0
7 2069 3
7 2070 5
7 2071 4
7 2072 3
7 2074 0
7 2075 4
7 2076 4
7 2077 3
7 2081 1
7 2082 5
7 2083 4
7 2084 4
7 2086 2
7 2087 2
7 2088 5
7 2089 1
7 2090 0
7 2091 4
7 2092 3
7 2094 3
7 2096 4
7 2097 0
7 2098 2
7 2099 0
7 2100 1
7 2101 0
7 2102 5
7 2103 0
7 2104 4
7 2105 5
7 2106 1
7 2109 3
7 2110 3
7 2112 3
7 2113 5
7 2114 3
7 2115 1
7 2116 0
7 2118 4
7 2119 2
7 2120 2
7 2121 3
7 2122 0
7 2124 1
7 2127 0
7 2128 4
7 2131 5
7 2132 2
7 2134 3
7 2135 0
7 2136 1
7 2138 3
7 2139 2
7 2140 5
7 2141 0
7 2142 4
7 2144 4
7 2147 4
7 2149 3
7 2150 3
7 2151 2
7 2152 0
7 2153 1
7 2154 5
7 2155 4
7 2156 0
7 2157 3
7 2158 1
7 2161 4
7 2164 1
7 2165 0
7 2166 1
7 2167 1
7 2168 4
7 2169 3
7 2170 1
7 2171 4
7 2172 0
7 2173 0
7 2174 5
7 2175 1
7 2176 2
7 2177 5
7 2180 1
7 2181 2
7 2182 3
7 2183 1
7 2184 0
7 2186 3
7 2187 4
7 2188 2
7 2189 3
7 2190 0
7 2191 4
7 2192 2
7 2193 2
7 2194 5
7 2195 4
7 2196 4
7 2197 2
7 2198 4
7 2200 1
7 2202 2
7 2203 3
7 2204 1
7 2205 1
7 2206 1
7 2207 3
7 2208 3
7 2209 1
7 2210 1
7 2212 4
7 2213 2
7 2214 3
7 2215 1
7 2216 2
7 2218 0
7 2219 1
7 2220 0
7 2221 5
7 2223 5
7 2224 5
7 2225 0
7 2226 4
7 2227 2
7 2228 0
7 2232 1
7 2233 3
7 2234 2
7 2236 3
7 2237 1
7 2238 2
7 2239 3
7 2240 3
7 2241 1
7 2242 1
7 2243 0
7 2245 5
7 2246 2
7 2247 5
7 2248 1
7 2249 3
7 2250 2
7 2251 0
7 2252 5
7 2253 5
7 2254 2
7 2255 0
7 2258 5
7 2259 2
7 2260 5
7 2261 1
7 2262 4
7 2263 4
7 2264 3
7 2265 0
7 2266 0
7 2267 2
7 2268 4
7 2269 5
7 2270 2
7 2271 3
7 2272 4
7 2273 3
7 2274 2
7 2275 4
7 2276 2
7 2277 3
7 2278 5
7 2279 3
7 2280 4
7 2281 4
7 2282 3
7 2283 5
7 2284 2
7 2285 2
7 2286 1
7 2288 0
7 2289 1
7 2290 3
7 2291 3
7 2292 1
7 2293 5
7 2294 1
7 2295 4
7 2296 3
7 2297 4
7 2298 3
7 2302 2
7 2303 0
7 2304 0
7 2306 5
7 2307 1
7 2309 3
7 2311 2
7 2312 0
7 2313 0
7 2314 3
7 2315 1
7 2316 4
7 2317 5
7 2318 5
7 2319 5
7 2320 2
7 2321 1
7 2322 4
7 2323 4
7 2324 0
7 2325 2
7 2326 3
7 2327 1
7 2328 0
7 2329 1
7 2330 1
7 2332 3
7 2333 4
7 2334 0
7 2335 0
7 2336 0
7 2337 3
7 2338 4
7 2341 1
7 2342 4
7 2344 3
7 2345 0
7 2346 3
7 2347 4
7 2348 2
7 2349 0
7 2350 0
7 2351 3
7 2352 0
7 2355 4
7 2356 5
7 2357 1
7 2358 0
7 2360 3
7 2361 3
7 2362 4
7 2363 3
7 2364 5
7 2365 0
7 2366 0
7 2368 2
7 2370 1
7 2371 2
7 2372 2
7 2373 4
7 2374 4
7 2376 0
7 2377 4
7 2378 1
7 2380 1
7 2381 3
7 2382 4
7 2383 0
7 2384 0
7 2387 1
7 2388 1
7 2389 0
7 2390 4
7 2392 0
7 2393 0
7 2394 0
7 2395 1
7 2396 3
7 2397 4
7 2398 5
7 2399 5
7 2400 3
7 2401 1
7 2402 2
7 2403 3
7 2404 4
7 2405 5
7 2406 0
7 2407 4
7 2408 2
7 2409 4
7 2411 4
7 2412 4
7 2413 5
7 2414 2
7 2415 0
7 2416 0
7 2419 1
7 2420 4
7 2421 3
7 2422 1
7 2423 3
7 2425 3
7 2426 2
7 2427 0
7 2428 3
7 2429 2
7 2430 1
7 2431 2
7 2432 3
7 2433 5
7 2435 3
7 2436 3
7 2439 2
7 2441 4
7 2442 4
7 2444 0
7 2445 2
7 2446 0
7 2447 4
7 2448 5
7 2449 4
7 2450 1
7 2451 5
7 2452 4
7 2454 2
7 2455 1
7 2456 4
7 2458 2
7 2459 5
7 2460 3
7 2461 0
7 2462 3
7 2463 1
7 2465 1
7 2469 5
7 2471 2
7 2472 2
7 2474 5
7 2475 5
7 2476 5
7 2477 4
7 2478 4
7 2479 0
7 2480 5
7 2481 5
7 2482 2
7 2484 5
7 2485 1
7 2489 2
7 2490 1
7 2491 3
7 2492 2
7 2494 5
7 2495 2
7 2497 1
7 2498 0
7 2499 3
7 2500 0
7 2501 1
7 2502 5
7 2503 0
7 2504 4
7 2505 3
7 2506 5
7 2508 5
7 2509 5
7 2510 0
7 2511 4
7 2512 4
7 2513 3
7 2514 3
7 2517 5
7 2518 2
7 2519 5
7 2520 1
7 2524 3
7 2525 5
7 2526 4
7 2527 0
7 2528 1
7 2530 3
7 2531 5
7 2532 1
7 2534 5
7 2536 1
7 2539 1
7 2540 0
7 2541 3
7 2542 3
7 2543 2
7 2544 0
7 2545 5
7 2546 0
7 2547 4
7 2548 2
7 2549 1
7 2550 3
7 2551 2
7 2552 4
7 2553 1
7 2554 4
7 2555 5
7 2556 5
7 2557 5
7 2559 2
7 2560 3
7 2561 0
7 2562 5
7 2564 1
7 2565 3
7 2566 0
7 2567 5
7 2568 1
7 2571 1
7 2572 3
7 2574 5
7 2575 4
7 2576 2
7 2579 4
7 2581 2
7 2583 5
7 2585 4
7 2587 2
7 2588 2
7 2589 4
7 2591 4
7 2593 2
7 2594 1
7 2595 3
7 2596 1
7 2597 0
7 2598 1
7 2599 5
7 2600 1
7 2602 3
7 2603 3
7 2604 5
7 2605 3
7 2606 3
7 2607 5
7 2608 3
7 2610 0
7 2611 0
7 2612 2
7 2614 4
7 2616 4
7 2617 0
7 2618 5
7 2619 2
7 2620 3
7 2621 0
7 2622 0
7 2623 0
7 2624 5
7 2626 4
7 2627 1
7 2630 5
7 2632 3
7 2633 3
7 2634 1
7 2636 4
7 2638 1
7 2639 1
7 2640 5
7 2641 3
7 2642 4
7 2643 0
7 2645 1
7 2647 3
7 2649 0
7 2650 0
7 2651 4
7 2652 3
7 2653 0
7 2654 2
7 2655 4
7 2656 5
7 2658 1
7 2660 2
7 2661 3
7 2662 3
7 2663 2
7 2664 3
7 2665 1
7 2666 3
7 2667 0
7 2668 5
7 2670 2
7 2671 4
7 2673 4
7 2675 5
7 2676 5
7 2678 2
7 2679 1
7 2680 1
7 2681 3
7 2682 2
7 2683 4
7 2684 1
7 2685 2
7 2686 1
7 2687 2
7 2688 2
7 2690 3
7 2692 2
7 2693 2
7 2694 3
7 2696 2
7 2697 2
7 2698 4
7 2700 1
7 2701 4
7 2704 0
7 2705 4
7 2706 5
7 2707 3
7 2708 3
7 2709 2
7 2712 5
7 2714 3
7 2715 3
7 2716 2
7 2717 0
7 2718 5
7 2720 3
7 2723 1
7 2724 3
7 2725 0
7 2727 4
7 2732 5
7 2734 4
7 2735 5
7 2736 1
7 2738 0
7 2739 5
7 2740 2
7 2741 1
7 2743 3
7 2744 5
7 2745 2
7 2747 2
7 2748 2
7 2749 4
7 2750 0
7 2751 5
7 2753 4
7 2754 1
7 2755 4
7 2757 5
7 2761 0
7 2762 2
7 2763 5
7 2764 1
7 2766 2
7 2767 1
7 2769 0
7 2770 2
7 2771 4
7 2772 4
7 2773 0
7 2774 5
7 2775 2
7 2777 3
7 2778 4
7 2779 1
7 2781 4
7 2782 4
7 2783 3
7 2785 4
7 2786 2
7 2787 0
7 2788 1
7 2791 0
7 2793 2
7 2795 4
7 2797 3
7 2798 3
7 2800 0
7 2802 1
7 2803 4
7 2805 2
7 2806 5
7 2807 1
7 2808 2
7 2809 4
7 2810 1
7 2811 3
7 2812 1
7 2813 3
7 2814 2
7 2815 0
7 2819 4
7 2820 4
7 2821 3
7 2822 4
7 2824 3
7 2825 2
7 2827 0
7 2828 1
7 2829 4
7 2831 3
7 2832 4
7 2834 0
7 2835 4
7 2836 3
7 2837 0
7 2840 0
7 2841 5
7 2842 0
7 2843 3
7 2845 5
7 2846 4
7 2847 1
7 2848 5
7 2849 5
7 2850 1
7 2851 0
7 2852 2
7 2853 0
7 2854 2
7 2855 0
7 2856 0
7 2857 0
7 2860 1
7 2861 5
7 2863 3
7 2864 4
7 2865 3
7 2866 0
7 2868 2
7 2869 1
7 2870 0
7 2872 3
7 2873 4
7 2874 2
7 2875 3
7 2877 0
7 2878 3
7 2879 2
7 2881 3
7 2882 0
7 2883 4
7 2886 2
7 2887 1
7 2888 3
7 2889 2
7 2890 1
7 2891 1
7 2892 3
7 2894 0
7 2896 4
7 2897 2
7 2898 1
7 2899 1
7 2900 5
7 2901 1
7 2902 1
7 2903 2
7 2904 5
7 2905 0
7 2906 4
7 2907 5
7 2911 3
7 2913 5
7 2914 0
7 2915 3
7 2916 1
7 2917 5
7 2918 1
7 2919 0
7 2924 5
7 2926 3
7 2928 2
7 2929 0
7 2930 1
7 2931 1
7 2932 4
7 2933 3
7 2934 1
7 2935 3
7 2936 4
7 2937 3
7 2938 1
7 2939 2
7 2940 3
7 2943 5
7 2945 2
7 2946 0
7 2947 3
7 2948 2
7 2949 4
7 2950 5
7 2951 0
7 2954 4
7 2955 4
7 2957 3
7 2958 0
7 2959 5
7 2960 5
7 2961 3
7 2962 0
7 2965 3
7 2966 3
7 2967 0
7 2968 1
7 2970 2
7 2972 1
7 2973 2
7 2974 4
7 2976 2
7 2977 4
7 2978 1
7 2980 5
7 2983 0
7 2984 2
7 2986 4
7 2987 1
7 2988 4
7 2991 0
7 2993 4
7 2996 2
7 2997 3
7 2998 2
7 2999 5
7 3001 2
7 3004 3
7 3005 5
7 3006 1
7 3009 5
7 3011 4
7 3013 2
7 3014 1
7 3015 4
7 3018 4
7 3020 3
7 3021 1
7 3022 3
7 3023 1
7 3024 2
7 3025 3
7 3027 2
7 3030 5
7 3031 2
7 3032 1
7 3033 1
7 3034 5
7 3035 5
7 3037 1
7 3038 5
7 3040 0
7 3041 2
7 3042 3
7 3044 0
7 3045 0
7 3046 0
7 3047 1
7 3049 3
7 3050 4
7 3051 1
7 3052 0
7 3053 4
7 3054 2
7 3055 2
7 3056 2
7 3057 4
7 3059 3
7 3060 0
7 3061 4
7 3062 4
7 3063 0
7 3064 2
7 3065 3
7 3066 4
7 3067 3
7 3068 3
7 3069 2
7 3070 0
7 3072 5
7 3073 3
7 3075 3
7 3076 3
7 3077 2
7 3078 3
7 3079 5
7 3080 3
7 3081 3
7 3082 4
7 3083 0
7 3084 2
7 3085 5
7 3086 3
7 3089 1
7 3090 1
7 3094 2
7 3096 2
7 3097 5
7 3098 2
7 3100 2
7 3101 4
7 3102 5
7 3103 1
7 3104 0
7 3105 0
7 3106 5
7 3107 3
7 3108 5
7 3112 0
7 3113 1
7 3115 2
7 3116 1
7 3118 1
7 3122 0
7 3123 1
7 3125 2
7 3126 0
7 3127 0
7 3128 5
7 3129 0
7 3130 2
7 3131 2
7 3132 3
7 3133 4
7 3135 5
7 3137 2
7 3138 3
7 3140 5
7 3144 5
7 3145 1
7 3147 5
7 3148 0
7 3149 3
7 3151 4
7 3152 5
7 3153 3
7 3154 1
7 3155 4
7 3156 2
7 3157 0
7 3158 0
7 3159 5
7 3160 5
7 3161 4
7 3163 3
7 3164 3
7 3165 2
7 3167 3
7 3168 4
7 3169 0
7 3170 3
7 3171 1
7 3172 0
7 3173 4
7 3174 4
7 3176 2
7 3177 0
7 3178 1
7 3179 0
7 3180 5
7 3181 5
7 3183 3
7 3184 3
7 3186 5
7 3187 3
7 3188 2
7 3192 2
7 3193 3
7 3194 3
7 3195 4
7 3196 1
7 3197 5
7 3199 2
7 3201 0
7 3202 5
7 3206 1
7 3207 1
7 3210 5
7 3212 3
7 3214 3
7 3215 1
7 3216 3
7 3218 5
7 3219 2
7 3221 5
7 3222 4
7 3223 0
7 3224 1
7 3227 5
7 3228 4
7 3230 0
7 3231 3
7 3233 5
7 3235 3
7 3236 1
7 3237 1
7 3238 3
7 3239 5
7 3240 5
7 3243 2
7 3244 2
7 3246 2
7 3248 5
7 3249 4
7 3250 5
7 3251 5
7 3252 4
7 3253 1
7 3254 1
7 3256 4
7 3257 1
7 3258 4
7 3259 1
7 3260 3
7 3262 4
7 3263 5
7 3264 1
7 3265 2
7 3266 1
7 3267 5
7 3269 0
7 3270 2
7 3271 4
7 3272 5
7 3273 1
7 3274 1
7 3276 5
7 3278 1
7 3279 4
7 3280 2
7 3283 0
7 3285 3
7 3286 3
7 3287 1
7 3289 4
7 3291 1
7 3292 4
7 3295 1
7 3297 1
7 3298 4
7 3299 5
7 3300 4
7 3301 4
7 3302 2
7 3304 2
7 3305 4
7 3306 2
7 3307 0
7 3311 0
7 3312 3
7 3313 5
7 3314 4
7 3315 0
7 3316 0
7 3317 1
7 3318 0
7 3319 2
7 3320 1
7 3321 4
7 3322 4
7 3323 1
7 3324 0
7 3325 2
7 3326 3
7 3327 3
7 3328 2
7 3330 4
7 3331 3
7 3333 1
7 3334 2
7 3337 4
7 3339 1
7 3343 4
7 3345 1
7 3346 2
7 3347 3
7 3348 4
7 3351 1
7 3354 4
7 3355 0
7 3356 5
7 3357 3
7 3358 1
7 3359 1
7 3360 5
7 3362 5
7 3363 0
7 3364 4
7 3366 2
7 3369 2
7 3370 4
7 3373 3
7 3374 2
7 3375 5
7 3376 1
7 3377 1
7 3378 5
7 3379 5
7 3380 2
7 3381 2
7 3382 1
7 3383 4
7 3384 1
7 3385 0
7 3391 0
7 3394 0
7 3396 1
7 3397 0
7 3401 5
7 3402 5
7 3404 0
7 3405 5
7 3406 5
7 3407 1
7 3408 5
7 3410 4
7 3412 0
7 3413 0
7 3414 4
7 3415 1
7 3416 1
7 3417 0
7 3419 1
7 3421 2
7 3422 4
7 3424 4
7 3425 0
7 3426 5
7 3427 0
7 3429 3
7 3430 4
7 3431 1
7 3432 5
7 3433 2
7 3435 5
7 3436 4
7 3437 4
7 3440 3
7 3441 4
7 3442 5
7 3443 4
7 3444 5
7 3445 1
7 3447 0
7 3450 0
7 3452 5
7 3454 2
7 3455 2
7 3456 2
7 3457 2
7 3459 5
7 3460 5
7 3463 0
7 3464 3
7 3465 0
7 3466 1
7 3467 5
7 3468 2
7 3469 5
7 3470 2
7 3471 4
7 3472 3
7 3474 3
7 3475 3
7 3476 1
7 3477 4
7 3478 2
7 3479 1
7 3482 0
7 3483 0
7 3485 2
7 3487 3
7 3488 4
7 3491 2
7 3492 3
7 3493 2
7 3496 3
7 3498 2
7 3499 2
7 3500 1
7 3502 0
7 3505 5
7 3506 1
7 3507 5
7 3508 1
7 3509 0
7 3512 5
7 3513 5
7 3514 5
7 3517 4
7 3521 5
7 3522 1
7 3523 2
7 3524 3
7 3525 3
7 3526 5
7 3527 1
7 3528 4
7 3529 4
7 3530 2
7 3532 0
7 3534 5
7 3535 1
7 3536 0
7 3537 5
7 3538 0
7 3539 2
7 3540 4
7 3541 1
7 3542 3
7 3543 0
7 3546 4
7 3547 5
7 3550 4
7 3551 5
7 3552 1
7 3554 2
7 3557 5
7 3559 5
7 3560 5
7 3562 0
7 3563 4
7 3565 4
7 3566 0
7 3567 5
7 3568 1
7 3571 5
7 3572 4
7 3573 1
7 3574 5
7 3575 5
7 3577 0
7 3578 2
7 3579 2
7 3580 2
7 3581 4
7 3582 0
7 3583 5
7 3584 0
7 3586 0
7 3587 5
7 3589 3
7 3591 4
7 3592 4
7 3594 0
7 3595 3
7 3596 1
7 3597 2
7 3598 2
7 3599 4
7 3601 0
7 3602 2
7 3604 5
7 3607 5
7 3608 2
7 3609 3
7 3610 0
7 3613 3
7 3618 0
7 3620 5
7 3621 3
7 3622 3
7 3623 4
7 3624 4
7 3626 3
7 3627 4
7 3628 3
7 3631 5
7 3632 4
7 3633 2
7 3636 3
7 3637 4
7 3638 4
7 3639 2
7 3640 2
7 3643 1
7 3644 4
7 3645 4
7 3646 0
7 3647 1
7 3648 3
7 3650 1
7 3651 5
7 3655 2
7 3657 3
7 3658 0
7 3659 2
7 3660 4
7 3661 2
7 3663 5
7 3664 1
7 3665 0
7 3666 2
7 3668 2
7 3670 0
7 3671 2
7 3672 2
7 3673 5
7 3674 1
7 3675 1
7 3676 3
7 3677 0
7 3678 5
7 3679 2
7 3680 2
7 3682 0
7 3683 5
7 3684 0
7 3685 5
7 3686 4
7 3689 4
7 3690 2
7 3691 0
7 3692 5
7 3695 1
7 3696 5
7 3698 1
7 3700 0
7 3701 4
7 3702 1
7 3704 0
7 3705 2
7 3706 3
7 3708 4
7 3709 5
7 3710 3
7 3711 3
7 3713 1
7 3716 1
7 3717 3
7 3718 5
7 3720 3
7 3722 2
7 3723 2
7 3724 3
7 3725 1
7 3727 5
7 3731 1
7 3732 3
7 3733 0
7 3734 3
7 3735 3
7 3736 5
7 3738 0
7 3741 1
7 3742 1
7 3744 4
7 3747 3
7 3751 4
7 3752 0
7 3754 5
7 3756 1
7 3758 0
7 3760 0
7 3761 2
7 3762 2
7 3763 4
7 3764 0
7 3765 1
7 3766 2
7 3767 5
7 3770 4
7 3771 4
7 3773 4
7 3774 5
7 3780 4
7 3781 0
7 3782 3
7 3783 3
7 3785 0
7 3786 1
7 3788 3
7 3792 1
7 3793 4
7 3794 2
7 3795 1
7 3797 4
7 3798 2
7 3803 3
7 3804 4
7 3805 4
7 3808 3
7 3810 5
7 3811 1
7 3812 1
7 3813 3
7 3814 3
7 3816 2
7 3817 5
7 3820 5
7 3821 5
7 3823 1
7 3824 5
7 3826 3
7 3827 2
7 3829 0
7 3830 2
7 3833 1
7 3834 0
7 3835 4
7 3837 3
7 3838 3
7 3839 5
7 3840 3
7 3841 5
7 3842 2
7 3843 3
7 3844 2
7 3845 0
7 3850 5
7 3852 4
7 3854 5
7 3855 4
7 3856 2
7 3857 0
7 3858 4
7 3859 2
7 3860 0
7 3861 5
7 3862 5
7 3864 1
7 3865 3
7 3867 1
7 3868 1
7 3870 3
7 3871 0
7 3873 4
7 3875 1
7 3876 0
7 3877 1
7 3878 1
7 3880 3
7 3881 5
7 3882 0
7 3883 2
7 3884 0